
# wl_um flx_nJy eflx_nJy bg_1px_nJy rms_renorm rms_from_spec_nJy
 6.02500024E-01   1.82936730E+03   5.64307321E+02   0.00000000E+00   9.59754390E-01   9.12906173E+02 
 6.07500024E-01   8.13147639E+02   3.58531616E+02   0.00000000E+00   1.01264037E+00   7.59866846E+02 
 6.12500024E-01   1.52790003E+03   2.45735725E+02   0.00000000E+00   1.01081239E+00   7.20955292E+02 
 6.17500023E-01   6.76595347E+02   1.93147301E+02   0.00000000E+00   9.97811978E-01   6.74946771E+02 
 6.22500023E-01   7.36091008E+02   1.53346416E+02   0.00000000E+00   1.11631091E+00   6.34741673E+02 
 6.27500023E-01   4.23616827E+02   1.42388951E+02   0.00000000E+00   1.08734910E+00   6.28546390E+02 
 6.32500023E-01   7.91163163E+02   1.22135728E+02   0.00000000E+00   1.18737317E+00   5.98845983E+02 
 6.37500023E-01   6.88956118E+02   1.03914167E+02   0.00000000E+00   1.13692742E+00   5.78023269E+02 
 6.42500023E-01   4.74443652E+02   9.69800270E+01   0.00000000E+00   1.23886156E+00   5.71831364E+02 
 6.47500023E-01   6.02892015E+02   9.11944362E+01   0.00000000E+00   1.34584239E+00   5.59282923E+02 
 6.52500023E-01   8.95555960E+02   8.47063020E+01   0.00000000E+00   1.37860744E+00   5.43842134E+02 
 6.57500023E-01   6.03183023E+02   7.89162202E+01   0.00000000E+00   1.44418663E+00   5.35664181E+02 
 6.62500022E-01   5.89509667E+02   7.30900275E+01   0.00000000E+00   1.45381698E+00   5.29093156E+02 
 6.67500022E-01   1.60359727E+02   7.06414774E+01   0.00000000E+00   1.43887940E+00   5.47853664E+02 
 6.72500022E-01   3.45560104E+02   6.33011200E+01   0.00000000E+00   1.38867846E+00   5.51069165E+02 
 6.77500022E-01   3.08050998E+02   6.29511643E+01   0.00000000E+00   1.38908284E+00   5.55396274E+02 
 6.82500022E-01   1.74159040E+02   5.42503571E+01   0.00000000E+00   1.31244723E+00   5.65839477E+02 
 6.87500022E-01   3.10278854E+02   5.36916349E+01   0.00000000E+00   1.27338623E+00   5.68221663E+02 
 6.92500022E-01   1.63077534E+02   5.51945705E+01   0.00000000E+00   1.32764174E+00   5.76649276E+02 
 6.97500022E-01   1.96049639E+02   4.86313984E+01   0.00000000E+00   1.32721171E+00   5.74409285E+02 
 7.02500022E-01   1.40965048E+02   4.72461454E+01   0.00000000E+00   1.36107110E+00   4.42046004E+02 
 7.07500021E-01   3.27058524E+01   4.45787010E+01   0.00000000E+00   1.44168333E+00   4.54962790E+02 
 7.12500021E-01  -1.08272076E+01   4.39055237E+01   0.00000000E+00   1.39765225E+00   3.37879867E+02 
 7.17500021E-01   4.81136394E+01   3.92348327E+01   0.00000000E+00   1.34812126E+00   3.43388019E+02 
 7.22500021E-01  -1.14182434E+01   3.87663147E+01   0.00000000E+00   1.40778399E+00   3.41860294E+02 
 7.27500021E-01  -3.42427615E+00   3.69423092E+01   0.00000000E+00   1.37692729E+00   3.57190435E+02 
 7.32500021E-01   1.68800355E+02   3.65835688E+01   0.00000000E+00   1.42079356E+00   3.32157134E+02 
 7.37500021E-01   1.34456229E+02   3.74870998E+01   0.00000000E+00   1.48451785E+00   3.14517216E+02 
 7.42500021E-01   1.49180507E+02   3.79378512E+01   0.00000000E+00   1.34795240E+00   3.13123343E+02 
 7.47500021E-01   1.13448481E+02   3.51463246E+01   0.00000000E+00   1.32586149E+00   2.98727021E+02 
 7.52500020E-01   8.90899277E+01   3.50203069E+01   0.00000000E+00   1.43910640E+00   2.20854055E+02 
 7.57500020E-01   7.40035665E+01   3.49027467E+01   0.00000000E+00   1.36448206E+00   1.82884135E+02 
 7.62500020E-01   8.63588951E+01   3.27887246E+01   0.00000000E+00   1.36166664E+00   1.28045956E+02 
 7.67500020E-01   1.50584529E+02   3.31010427E+01   0.00000000E+00   1.38299244E+00   1.29189387E+02 
 7.72500020E-01   1.55543069E+02   3.43206600E+01   0.00000000E+00   1.41083844E+00   1.11776320E+02 
 7.77500020E-01   5.65650631E+01   3.45745312E+01   0.00000000E+00   1.37696283E+00   9.76635181E+01 
 7.82500020E-01   1.16876817E+02   3.47981210E+01   0.00000000E+00   1.40134907E+00   9.63022895E+01 
 7.87500020E-01   7.63100840E+01   3.52037289E+01   0.00000000E+00   1.25888504E+00   7.35753305E+01 
 7.92500020E-01   8.33674295E+01   3.50073927E+01   0.00000000E+00   1.29275466E+00   7.08547132E+01 
 7.97500019E-01   1.35700383E+02   3.24877980E+01   0.00000000E+00   1.31343538E+00   6.34243604E+01 
 8.02500019E-01   9.11859988E+01   3.44975072E+01   0.00000000E+00   1.33419822E+00   6.13429295E+01 
 8.07500019E-01  -1.87707482E+01   3.35483485E+01   0.00000000E+00   1.31265900E+00   6.61369875E+01 
 8.12500019E-01   9.71578658E+01   3.39989627E+01   0.00000000E+00   1.36331309E+00   6.20593899E+01 
 8.17500019E-01   1.91867270E+02   3.26593592E+01   0.00000000E+00   1.32102227E+00   6.50011649E+01 
 8.22500019E-01   1.85913281E+02   3.31700838E+01   0.00000000E+00   1.32718464E+00   6.11040690E+01 
 8.27500019E-01   1.07627695E+02   3.29680781E+01   0.00000000E+00   1.41166846E+00   5.48499176E+01 
 8.32500019E-01   1.22052810E+01   3.19856108E+01   0.00000000E+00   1.32959844E+00   5.70901486E+01 
 8.37500019E-01   3.57699310E+01   3.20532439E+01   0.00000000E+00   1.31884755E+00   5.91903497E+01 
 8.42500018E-01   7.19523153E+00   3.16332594E+01   0.00000000E+00   1.37606111E+00   6.14595170E+01 
 8.47500018E-01  -5.76500978E+01   3.13300410E+01   0.00000000E+00   1.35898176E+00   7.09549278E+01 
 8.52500018E-01  -2.77509463E+01   3.09502161E+01   0.00000000E+00   1.32730827E+00   7.66428194E+01 
 8.57500018E-01   8.10665338E+01   3.33197957E+01   0.00000000E+00   1.28422967E+00   7.75724462E+01 
 8.62500018E-01   4.17026559E+01   3.27617660E+01   0.00000000E+00   1.24829898E+00   7.90907548E+01 
 8.67500018E-01   9.50241813E+00   3.29654354E+01   0.00000000E+00   1.33471464E+00   7.81448401E+01 
 8.72500018E-01   6.01375538E+01   3.30247352E+01   0.00000000E+00   1.26446350E+00   7.43987226E+01 
 8.77500018E-01   6.37169889E+01   3.29153328E+01   0.00000000E+00   1.33252679E+00   7.52930929E+01 
 8.82500018E-01   3.43193409E+01   3.24118438E+01   0.00000000E+00   1.26382198E+00   7.47278849E+01 
 8.87500017E-01   1.83630392E+01   3.17972397E+01   0.00000000E+00   1.28488248E+00   7.61481051E+01 
 8.92500017E-01   3.02484758E+01   3.14597279E+01   0.00000000E+00   1.29313883E+00   7.68892600E+01 
 8.97500017E-01   2.05864050E+00   3.08653237E+01   0.00000000E+00   1.21832631E+00   7.47660899E+01 
 9.02500017E-01   7.45320001E+01   3.09807257E+01   0.00000000E+00   1.32350387E+00   7.45279443E+01 
 9.07500017E-01   6.72943348E+01   3.10314464E+01   0.00000000E+00   1.36206190E+00   7.31786787E+01 
 9.12500017E-01   3.01491480E+01   3.05583086E+01   0.00000000E+00   1.23744267E+00   8.28609993E+01 
 9.17500017E-01  -1.06398515E+01   3.08912498E+01   0.00000000E+00   1.25026631E+00   8.46564900E+01 
 9.22500017E-01   1.11732202E+02   3.16653977E+01   0.00000000E+00   1.29533261E+00   7.31237058E+01 
 9.27500017E-01   2.00978554E+02   3.16875315E+01   0.00000000E+00   1.28813672E+00   6.85911794E+01 
 9.32500016E-01   2.62151456E+02   3.16703189E+01   0.00000000E+00   1.33158374E+00   7.12308537E+01 
 9.37500016E-01   3.12685928E+02   3.07932474E+01   0.00000000E+00   1.28218797E+00   7.61030113E+01 
 9.42500016E-01   3.50954904E+02   3.07937813E+01   0.00000000E+00   1.33317665E+00   8.31364841E+01 
 9.47500016E-01   3.42133498E+02   2.98786123E+01   0.00000000E+00   1.34275762E+00   8.50900792E+01 
 9.52500016E-01   3.05669352E+02   3.01478192E+01   0.00000000E+00   1.35762570E+00   8.57307308E+01 
 9.57500016E-01   2.95931006E+02   3.03624297E+01   0.00000000E+00   1.32609371E+00   8.63369107E+01 
 9.62500016E-01   3.24698236E+02   3.07712240E+01   0.00000000E+00   1.27744603E+00   8.86614269E+01 
 9.67500016E-01   3.39027740E+02   3.11816790E+01   0.00000000E+00   1.31117053E+00   9.07894018E+01 
 9.72500016E-01   2.69287642E+02   3.11699462E+01   0.00000000E+00   1.31141790E+00   9.15916699E+01 
 9.77500015E-01   2.79199628E+02   3.06452411E+01   0.00000000E+00   1.24899452E+00   9.23370567E+01 
 9.82500015E-01   3.01093814E+02   3.00782545E+01   0.00000000E+00   1.25265542E+00   9.33847654E+01 
 9.87500015E-01   2.62650104E+02   3.00023797E+01   0.00000000E+00   1.31261679E+00   9.42163027E+01 
 9.92500015E-01   2.16561895E+02   3.03736363E+01   0.00000000E+00   1.20397949E+00   9.64649663E+01 
 9.97500015E-01   2.01051611E+02   3.02360736E+01   0.00000000E+00   1.25214926E+00   9.88866830E+01 
 1.00250001E+00   2.19041775E+02   2.96305910E+01   0.00000000E+00   1.30241540E+00   1.00697261E+02 
 1.00750001E+00   1.85399642E+02   2.96717566E+01   0.00000000E+00   1.37111312E+00   1.03905941E+02 
 1.01250001E+00   2.04636704E+02   3.01624424E+01   0.00000000E+00   1.28581838E+00   9.72775388E+01 
 1.01750001E+00   2.34980000E+02   3.00502523E+01   0.00000000E+00   1.37848694E+00   8.03919007E+01 
 1.02250001E+00   3.45178070E+02   2.98739082E+01   0.00000000E+00   1.32714569E+00   7.62840757E+01 
 1.02750001E+00   3.99515927E+02   2.96774754E+01   0.00000000E+00   1.35574624E+00   7.83829052E+01 
 1.03250001E+00   3.91996489E+02   2.91392941E+01   0.00000000E+00   1.25404117E+00   7.98475770E+01 
 1.03750001E+00   2.95003485E+02   2.87072414E+01   0.00000000E+00   1.33332753E+00   7.86120308E+01 
 1.04250001E+00   2.55158802E+02   2.88955449E+01   0.00000000E+00   1.37555751E+00   7.50595796E+01 
 1.04750001E+00   1.97876042E+02   2.85154033E+01   0.00000000E+00   1.33350379E+00   7.51761936E+01 
 1.05250001E+00   2.11346599E+02   2.80996901E+01   0.00000000E+00   1.26158931E+00   7.66278793E+01 
 1.05750001E+00   2.68201383E+02   2.78854364E+01   0.00000000E+00   1.29146947E+00   7.57352721E+01 
 1.06250001E+00   3.39090970E+02   2.72853491E+01   0.00000000E+00   1.34830120E+00   7.22263739E+01 
 1.06750001E+00   3.87876076E+02   2.68820029E+01   0.00000000E+00   1.30777817E+00   6.91093371E+01 
 1.07250001E+00   3.26213779E+02   2.73628041E+01   0.00000000E+00   1.26904964E+00   6.92219307E+01 
 1.07750001E+00   2.54058000E+02   2.71186717E+01   0.00000000E+00   1.23223284E+00   6.99583773E+01 
 1.08250001E+00   2.52466495E+02   2.66331443E+01   0.00000000E+00   1.17330485E+00   6.93677016E+01 
 1.08750001E+00   2.94347964E+02   2.72059424E+01   0.00000000E+00   1.29015239E+00   6.96851312E+01 
 1.09250001E+00   2.87898341E+02   2.72084230E+01   0.00000000E+00   1.30258593E+00   7.01394907E+01 
 1.09750001E+00   3.12391943E+02   2.69296056E+01   0.00000000E+00   1.24708679E+00   6.97421982E+01 
 1.10250001E+00   3.00125945E+02   2.63290483E+01   0.00000000E+00   1.19401719E+00   6.98949532E+01 
 1.10750001E+00   3.39312400E+02   2.60888772E+01   0.00000000E+00   1.17376390E+00   6.78757409E+01 
 1.11250001E+00   3.41373951E+02   2.58075772E+01   0.00000000E+00   1.27778686E+00   6.65256592E+01 
 1.11750001E+00   3.46313338E+02   2.55973925E+01   0.00000000E+00   1.25191466E+00   6.64037753E+01 
 1.12250001E+00   2.86190077E+02   2.62089103E+01   0.00000000E+00   1.28477121E+00   6.51531709E+01 
 1.12750001E+00   2.60421691E+02   2.62578539E+01   0.00000000E+00   1.25024951E+00   5.79188649E+01 
 1.13250001E+00   2.22940202E+02   2.56933425E+01   0.00000000E+00   1.23743726E+00   5.19196991E+01 
 1.13750001E+00   1.79928485E+02   2.55870030E+01   0.00000000E+00   1.21422247E+00   5.89655207E+01 
 1.14250001E+00   1.78135813E+02   2.54811100E+01   0.00000000E+00   1.20653726E+00   6.56585341E+01 
 1.14750001E+00   1.93087215E+02   2.53076144E+01   0.00000000E+00   1.29453400E+00   6.86251939E+01 
 1.15250001E+00   2.13600045E+02   2.56003183E+01   0.00000000E+00   1.28915231E+00   7.07533120E+01 
 1.15750001E+00   2.81139436E+02   2.62607770E+01   0.00000000E+00   1.26998918E+00   7.14547517E+01 
 1.16250001E+00   2.73886223E+02   2.66576758E+01   0.00000000E+00   1.35954662E+00   6.90431668E+01 
 1.16750001E+00   2.53414835E+02   2.65063224E+01   0.00000000E+00   1.28350871E+00   6.05213747E+01 
 1.17250001E+00   2.77948481E+02   2.68995750E+01   0.00000000E+00   1.23667920E+00   5.77147214E+01 
 1.17750001E+00   2.30505170E+02   2.73496535E+01   0.00000000E+00   1.29509477E+00   5.93221387E+01 
 1.18250001E+00   3.07458724E+02   2.70133527E+01   0.00000000E+00   1.27023936E+00   6.00969369E+01 
 1.18750001E+00   3.50739786E+02   2.70357351E+01   0.00000000E+00   1.37811496E+00   6.15431979E+01 
 1.19250001E+00   3.16189321E+02   2.68744333E+01   0.00000000E+00   1.33621049E+00   6.19273095E+01 
 1.19750001E+00   3.29510662E+02   2.72468599E+01   0.00000000E+00   1.32195025E+00   6.16132973E+01 
 1.20250001E+00   3.68631573E+02   2.66596402E+01   0.00000000E+00   1.25262726E+00   6.39547276E+01 
 1.20750001E+00   4.10282538E+02   2.66311599E+01   0.00000000E+00   1.31013272E+00   6.70824161E+01 
 1.21250001E+00   4.15857273E+02   2.76121223E+01   0.00000000E+00   1.32483222E+00   7.04833857E+01 
 1.21750001E+00   4.13637701E+02   2.70768124E+01   0.00000000E+00   1.27539463E+00   7.32746341E+01 
 1.22250001E+00   3.45914162E+02   2.64817216E+01   0.00000000E+00   1.23734551E+00   7.46420147E+01 
 1.22750001E+00   3.33310227E+02   2.60555857E+01   0.00000000E+00   1.17132122E+00   7.55029344E+01 
 1.23250001E+00   3.00543126E+02   2.61165393E+01   0.00000000E+00   1.17741016E+00   7.45018355E+01 
 1.23750001E+00   2.88326890E+02   2.54975209E+01   0.00000000E+00   1.21987588E+00   6.96757470E+01 
 1.24250001E+00   3.07803099E+02   2.57766300E+01   0.00000000E+00   1.20950407E+00   6.32583593E+01 
 1.24750001E+00   2.72187266E+02   2.51623694E+01   0.00000000E+00   1.25007692E+00   5.82107586E+01 
 1.25250001E+00   2.72272123E+02   2.53698007E+01   0.00000000E+00   1.22553815E+00   5.48466797E+01 
 1.25750001E+00   2.86335312E+02   2.57550823E+01   0.00000000E+00   1.18111160E+00   5.55889471E+01 
 1.26250001E+00   3.56346297E+02   2.64081442E+01   0.00000000E+00   1.13353438E+00   5.56259614E+01 
 1.26750001E+00   3.49407512E+02   2.59086695E+01   0.00000000E+00   1.09462667E+00   5.39006363E+01 
 1.27250001E+00   3.50440386E+02   2.63075643E+01   0.00000000E+00   1.13019229E+00   5.33676276E+01 
 1.27750001E+00   3.33439663E+02   2.63827533E+01   0.00000000E+00   1.18396138E+00   4.79941803E+01 
 1.28250001E+00   3.79523245E+02   2.69241633E+01   0.00000000E+00   1.18371452E+00   4.86592328E+01 
 1.28750001E+00   4.17429089E+02   2.67041291E+01   0.00000000E+00   1.17671708E+00   5.11036815E+01 
 1.29250001E+00   4.34268706E+02   2.64993431E+01   0.00000000E+00   1.24405818E+00   5.43410986E+01 
 1.29750001E+00   3.92287246E+02   2.68210470E+01   0.00000000E+00   1.24798737E+00   5.52323393E+01 
 1.30250001E+00   4.08054144E+02   2.66336206E+01   0.00000000E+00   1.24323663E+00   5.62716563E+01 
 1.30750001E+00   4.03004902E+02   2.75017511E+01   0.00000000E+00   1.25627074E+00   5.47695469E+01 
 1.31250001E+00   4.15667691E+02   2.72751663E+01   0.00000000E+00   1.28320661E+00   5.33182998E+01 
 1.31750001E+00   4.17752304E+02   2.75169667E+01   0.00000000E+00   1.25102249E+00   5.21710464E+01 
 1.32250001E+00   4.12021915E+02   2.65210526E+01   0.00000000E+00   1.18893272E+00   5.38545360E+01 
 1.32750001E+00   4.35341498E+02   2.67537459E+01   0.00000000E+00   1.21506651E+00   5.64302033E+01 
 1.33250001E+00   4.36478882E+02   2.64874858E+01   0.00000000E+00   1.20353469E+00   5.70599824E+01 
 1.33750001E+00   4.58102556E+02   2.71668366E+01   0.00000000E+00   1.17520830E+00   5.70805469E+01 
 1.34250001E+00   4.67290287E+02   2.71261619E+01   0.00000000E+00   1.16307879E+00   5.80718540E+01 
 1.34750001E+00   4.04535365E+02   2.66102683E+01   0.00000000E+00   1.12181661E+00   5.17703323E+01 
 1.35250001E+00   3.86799914E+02   2.60724244E+01   0.00000000E+00   1.15094305E+00   4.34804098E+01 
 1.35750001E+00   3.59269611E+02   2.59152605E+01   0.00000000E+00   1.15636278E+00   3.63501285E+01 
 1.36250001E+00   3.26536528E+02   2.67403695E+01   0.00000000E+00   1.23687048E+00   3.99446035E+01 
 1.36750001E+00   3.91937240E+02   2.70099167E+01   0.00000000E+00   1.20776667E+00   3.89253534E+01 
 1.37250001E+00   3.95640257E+02   2.65868569E+01   0.00000000E+00   1.23593255E+00   3.77270028E+01 
 1.37750001E+00   3.54363254E+02   2.67263882E+01   0.00000000E+00   1.14468033E+00   3.68046802E+01 
 1.38250001E+00   3.49490288E+02   2.72904151E+01   0.00000000E+00   1.14521834E+00   3.94712823E+01 
 1.38750001E+00   3.05554046E+02   2.80053112E+01   0.00000000E+00   1.20761260E+00   4.56104970E+01 
 1.39250001E+00   2.91133517E+02   2.90291788E+01   0.00000000E+00   1.26183097E+00   5.08582623E+01 
 1.39750001E+00   2.67578625E+02   2.91592413E+01   0.00000000E+00   1.27528333E+00   5.86285796E+01 
 1.40250001E+00   2.82199513E+02   2.94395447E+01   0.00000000E+00   1.20426125E+00   6.31889342E+01 
 1.40750001E+00   3.30185783E+02   2.91551796E+01   0.00000000E+00   1.13649458E+00   6.42752265E+01 
 1.41250001E+00   3.56453928E+02   2.89809806E+01   0.00000000E+00   1.15985784E+00   6.38363328E+01 
 1.41750001E+00   3.75062905E+02   2.92404818E+01   0.00000000E+00   1.12457094E+00   6.29360090E+01 
 1.42250001E+00   3.51895390E+02   2.96990957E+01   0.00000000E+00   1.19809078E+00   6.23854190E+01 
 1.42750001E+00   3.24659789E+02   3.01212725E+01   0.00000000E+00   1.24430166E+00   6.06212679E+01 
 1.43250001E+00   3.21412974E+02   3.01773507E+01   0.00000000E+00   1.22346915E+00   5.80965643E+01 
 1.43750001E+00   2.81936068E+02   3.03301395E+01   0.00000000E+00   1.19742612E+00   5.37672483E+01 
 1.44250001E+00   2.86413820E+02   3.07171379E+01   0.00000000E+00   1.22321838E+00   4.50321171E+01 
 1.44750000E+00   2.80039961E+02   3.06990510E+01   0.00000000E+00   1.31968673E+00   4.33260468E+01 
 1.45250000E+00   3.10048243E+02   3.21670009E+01   0.00000000E+00   1.28641044E+00   4.12049074E+01 
 1.45750000E+00   3.60605435E+02   3.24273881E+01   0.00000000E+00   1.28331957E+00   4.12109081E+01 
 1.46250000E+00   3.67912194E+02   3.30816742E+01   0.00000000E+00   1.26042376E+00   4.23413658E+01 
 1.46750000E+00   3.73836971E+02   3.27925547E+01   0.00000000E+00   1.30521043E+00   4.04458003E+01 
 1.47250000E+00   2.94069168E+02   3.34821393E+01   0.00000000E+00   1.34299776E+00   3.71192787E+01 
 1.47750000E+00   3.22716125E+02   3.37365276E+01   0.00000000E+00   1.35554029E+00   3.63916263E+01 
 1.48250000E+00   3.94152365E+02   3.39242892E+01   0.00000000E+00   1.37847861E+00   3.92348061E+01 
 1.48750000E+00   4.47958416E+02   3.40273104E+01   0.00000000E+00   1.29947579E+00   4.74415983E+01 
 1.49250000E+00   4.02141705E+02   3.47879443E+01   0.00000000E+00   1.33259276E+00   4.90077365E+01 
 1.49750000E+00   3.98497184E+02   3.51294829E+01   0.00000000E+00   1.24313545E+00   4.77658144E+01 
 1.50250000E+00   3.34659070E+02   3.47016711E+01   0.00000000E+00   1.28834942E+00   4.57165637E+01 
 1.50750000E+00   3.36787258E+02   3.48190526E+01   0.00000000E+00   1.33618405E+00   4.59814955E+01 
 1.51250000E+00   3.93236303E+02   3.51754146E+01   0.00000000E+00   1.31246494E+00   4.71953234E+01 
 1.51750000E+00   4.06448507E+02   3.53212454E+01   0.00000000E+00   1.33152991E+00   4.84834286E+01 
 1.52250000E+00   4.74161251E+02   3.52899365E+01   0.00000000E+00   1.26811314E+00   5.56037072E+01 
 1.52750000E+00   4.78257598E+02   3.73479306E+01   0.00000000E+00   1.37501357E+00   6.12432152E+01 
 1.53250000E+00   5.17621064E+02   3.73821937E+01   0.00000000E+00   1.30748230E+00   6.90277481E+01 
 1.53750000E+00   5.72203591E+02   3.69862666E+01   0.00000000E+00   1.28861491E+00   7.78256935E+01 
 1.54250000E+00   5.25039291E+02   3.56305500E+01   0.00000000E+00   1.24590687E+00   7.94060123E+01 
 1.54750000E+00   4.55700934E+02   3.40493128E+01   0.00000000E+00   1.23052619E+00   7.50486019E+01 
 1.55250000E+00   3.98885924E+02   3.42490516E+01   0.00000000E+00   1.21714724E+00   7.19428875E+01 
 1.55750000E+00   3.21107010E+02   3.39767251E+01   0.00000000E+00   1.14564741E+00   7.48300090E+01 
 1.56250000E+00   3.09639921E+02   3.36538840E+01   0.00000000E+00   1.15447880E+00   7.85503848E+01 
 1.56750000E+00   2.90340454E+02   3.20193001E+01   0.00000000E+00   1.18781399E+00   8.34617275E+01 
 1.57250000E+00   3.24663232E+02   3.19663270E+01   0.00000000E+00   1.15678221E+00   8.21428073E+01 
 1.57750000E+00   2.99309373E+02   3.17017447E+01   0.00000000E+00   1.14027742E+00   8.43581952E+01 
 1.58250000E+00   3.82010621E+02   3.20369588E+01   0.00000000E+00   1.23376144E+00   8.51705929E+01 
 1.58750000E+00   3.17666202E+02   3.29947368E+01   0.00000000E+00   1.24749556E+00   8.70532350E+01 
 1.59250000E+00   3.68191474E+02   3.36148626E+01   0.00000000E+00   1.15681658E+00   8.79391328E+01 
 1.59750000E+00   5.05474908E+02   3.38958462E+01   0.00000000E+00   1.15981934E+00   9.11731960E+01 
 1.60250000E+00   4.79728096E+02   3.34319526E+01   0.00000000E+00   1.17709963E+00   9.15443516E+01 
 1.60750000E+00   4.66445991E+02   3.33981149E+01   0.00000000E+00   1.18740358E+00   9.10909314E+01 
 1.61250000E+00   4.24198018E+02   3.35052114E+01   0.00000000E+00   1.21406070E+00   9.15864112E+01 
 1.61750000E+00   3.73574726E+02   3.47397917E+01   0.00000000E+00   1.22632868E+00   9.28899143E+01 
 1.62250000E+00   3.80142848E+02   3.50051557E+01   0.00000000E+00   1.19229772E+00   9.22643913E+01 
 1.62750000E+00   4.29204867E+02   3.53534194E+01   0.00000000E+00   1.26977082E+00   9.07648892E+01 
 1.63250000E+00   4.56252178E+02   3.64790692E+01   0.00000000E+00   1.24291078E+00   8.66042952E+01 
 1.63750000E+00   4.61443732E+02   3.62291725E+01   0.00000000E+00   1.21855417E+00   7.52421697E+01 
 1.64250000E+00   4.16856685E+02   3.55389673E+01   0.00000000E+00   1.21852083E+00   6.72332708E+01 
 1.64750000E+00   3.88115295E+02   3.48504491E+01   0.00000000E+00   1.22540357E+00   6.51128122E+01 
 1.65250000E+00   3.25013488E+02   3.57821802E+01   0.00000000E+00   1.23333339E+00   6.71725594E+01 
 1.65750000E+00   3.29770180E+02   3.69795012E+01   0.00000000E+00   1.28208915E+00   6.75577564E+01 
 1.66250000E+00   3.63675185E+02   3.80045981E+01   0.00000000E+00   1.29136686E+00   6.60067067E+01 
 1.66750000E+00   3.45869941E+02   3.81505178E+01   0.00000000E+00   1.26666214E+00   6.33086102E+01 
 1.67250000E+00   3.39292208E+02   3.87523957E+01   0.00000000E+00   1.18763809E+00   6.34166696E+01 
 1.67750000E+00   3.08363417E+02   3.77297950E+01   0.00000000E+00   1.21586199E+00   6.35808073E+01 
 1.68250000E+00   3.63283791E+02   3.65384890E+01   0.00000000E+00   1.22939359E+00   6.45676789E+01 
 1.68750000E+00   3.79625568E+02   3.66161523E+01   0.00000000E+00   1.28285087E+00   6.28264059E+01 
 1.69250000E+00   4.44500214E+02   3.69997496E+01   0.00000000E+00   1.31334049E+00   6.34826950E+01 
 1.69750000E+00   4.34248012E+02   3.77960655E+01   0.00000000E+00   1.31791660E+00   5.70588291E+01 
 1.70250000E+00   4.21550075E+02   3.72323073E+01   0.00000000E+00   1.30350870E+00   5.24451075E+01 
 1.70750000E+00   3.02339080E+02   3.77836708E+01   0.00000000E+00   1.28588268E+00   5.26864356E+01 
 1.71250000E+00   3.07405931E+02   3.80141008E+01   0.00000000E+00   1.26330684E+00   5.47549978E+01 
 1.71750000E+00   3.05453015E+02   3.82319818E+01   0.00000000E+00   1.26057189E+00   5.79617598E+01 
 1.72250000E+00   3.37913668E+02   3.76250729E+01   0.00000000E+00   1.20707211E+00   5.90991535E+01 
 1.72750000E+00   4.25329914E+02   3.77253075E+01   0.00000000E+00   1.26180394E+00   5.80678900E+01 
 1.73250000E+00   4.06481898E+02   3.72489736E+01   0.00000000E+00   1.25108972E+00   5.39289742E+01 
 1.73750000E+00   3.93966333E+02   3.68059944E+01   0.00000000E+00   1.27987187E+00   4.81518769E+01 
 1.74250000E+00   3.85305459E+02   3.63422794E+01   0.00000000E+00   1.28464784E+00   4.62141763E+01 
 1.74750000E+00   3.86293501E+02   3.61615426E+01   0.00000000E+00   1.23765078E+00   4.59306020E+01 
 1.75250000E+00   3.92516530E+02   3.67664992E+01   0.00000000E+00   1.30335060E+00   4.55707270E+01 
 1.75750000E+00   4.04845561E+02   3.70056381E+01   0.00000000E+00   1.35166091E+00   4.54743341E+01 
 1.76250000E+00   4.52288172E+02   3.73511420E+01   0.00000000E+00   1.35186311E+00   4.82900742E+01 
 1.76750000E+00   4.96778204E+02   3.71846715E+01   0.00000000E+00   1.32356306E+00   5.38325436E+01 
 1.77250000E+00   4.47301443E+02   3.92293302E+01   0.00000000E+00   1.31579197E+00   5.45185742E+01 
 1.77750000E+00   3.76719111E+02   3.82097734E+01   0.00000000E+00   1.21614708E+00   5.19156692E+01 
 1.78250000E+00   3.41656064E+02   3.70192675E+01   0.00000000E+00   1.17193716E+00   5.36924310E+01 
 1.78750000E+00   2.66231306E+02   3.66799452E+01   0.00000000E+00   1.21013087E+00   6.15793058E+01 
 1.79250000E+00   2.64414604E+02   3.65570576E+01   0.00000000E+00   1.17582028E+00   6.57230312E+01 
 1.79750000E+00   3.65897447E+02   3.64723654E+01   0.00000000E+00   1.24961685E+00   6.40769048E+01 
 1.80250000E+00   4.01370824E+02   3.62195030E+01   0.00000000E+00   1.23215441E+00   6.30270681E+01 
 1.80750000E+00   4.16442409E+02   3.63194111E+01   0.00000000E+00   1.27828085E+00   6.16605603E+01 
 1.81250000E+00   4.59243132E+02   3.74992277E+01   0.00000000E+00   1.18717567E+00   6.16346368E+01 
 1.81750000E+00   4.16050836E+02   3.74696728E+01   0.00000000E+00   1.21517703E+00   5.92166470E+01 
 1.82250000E+00   3.93148685E+02   3.88844184E+01   0.00000000E+00   1.23654926E+00   5.84351555E+01 
 1.82750000E+00   4.62707540E+02   3.76298320E+01   0.00000000E+00   1.25189231E+00   5.93787951E+01 
 1.83250000E+00   4.51300775E+02   3.70455478E+01   0.00000000E+00   1.27967734E+00   6.03655138E+01 
 1.83750000E+00   4.29922022E+02   3.66285810E+01   0.00000000E+00   1.22993763E+00   6.08780439E+01 
 1.84250000E+00   4.32328020E+02   3.72119354E+01   0.00000000E+00   1.22548438E+00   6.13815232E+01 
 1.84750000E+00   4.84163438E+02   3.79345878E+01   0.00000000E+00   1.18046572E+00   6.36381890E+01 
 1.85250000E+00   4.96842869E+02   3.81256415E+01   0.00000000E+00   1.20074062E+00   6.62844369E+01 
 1.85750000E+00   5.04967563E+02   3.76482780E+01   0.00000000E+00   1.28685732E+00   6.90638761E+01 
 1.86250000E+00   5.57656458E+02   3.66524600E+01   0.00000000E+00   1.32861676E+00   7.44279879E+01 
 1.86750000E+00   5.42584371E+02   3.80905996E+01   0.00000000E+00   1.26748329E+00   7.59851172E+01 
 1.87250000E+00   5.10159153E+02   3.76585926E+01   0.00000000E+00   1.26917704E+00   7.78516946E+01 
 1.87750000E+00   4.54927543E+02   3.82895745E+01   0.00000000E+00   1.29992108E+00   7.76593829E+01 
 1.88250000E+00   4.78561195E+02   3.90259244E+01   0.00000000E+00   1.28098808E+00   7.57329040E+01 
 1.88750000E+00   3.91721154E+02   3.92810215E+01   0.00000000E+00   1.21081951E+00   6.54357352E+01 
 1.89249999E+00   4.21249742E+02   3.83730341E+01   0.00000000E+00   1.19087027E+00   5.01532562E+01 
 1.89749999E+00   3.80935319E+02   3.85458397E+01   0.00000000E+00   1.21156261E+00   5.00579170E+01 
 1.90249999E+00   4.50083269E+02   3.86601415E+01   0.00000000E+00   1.27106082E+00   4.92309161E+01 
 1.90749999E+00   4.88183895E+02   3.94508474E+01   0.00000000E+00   1.24953693E+00   4.90739107E+01 
 1.91249999E+00   4.44511511E+02   3.80301829E+01   0.00000000E+00   1.25185711E+00   4.95665739E+01 
 1.91749999E+00   3.97805601E+02   3.68974134E+01   0.00000000E+00   1.29895919E+00   5.15254095E+01 
 1.92249999E+00   2.96049432E+02   3.66386691E+01   0.00000000E+00   1.24441469E+00   6.25804645E+01 
 1.92749999E+00   3.57438922E+02   3.63008551E+01   0.00000000E+00   1.19412600E+00   6.67119055E+01 
 1.93249999E+00   3.58176807E+02   3.71445131E+01   0.00000000E+00   1.23087808E+00   7.03089403E+01 
 1.93749999E+00   3.61183936E+02   3.93785776E+01   0.00000000E+00   1.23465759E+00   7.33452291E+01 
 1.94249999E+00   3.49373871E+02   3.97115718E+01   0.00000000E+00   1.19660882E+00   7.67606993E+01 
 1.94749999E+00   3.28657113E+02   3.91833515E+01   0.00000000E+00   1.23808830E+00   7.97435296E+01 
 1.95249999E+00   3.55144715E+02   3.89495126E+01   0.00000000E+00   1.20007433E+00   7.97003024E+01 
 1.95749999E+00   3.81254301E+02   3.80429335E+01   0.00000000E+00   1.30748766E+00   7.74925246E+01 
 1.96249999E+00   3.86543300E+02   3.92235818E+01   0.00000000E+00   1.27820913E+00   6.87722958E+01 
 1.96749999E+00   4.54912731E+02   3.89884151E+01   0.00000000E+00   1.23392666E+00   6.06771416E+01 
 1.97249999E+00   4.57938797E+02   3.92397737E+01   0.00000000E+00   1.17161806E+00   5.58133437E+01 
 1.97749999E+00   5.52852748E+02   4.13681228E+01   0.00000000E+00   1.22022118E+00   6.40590610E+01 
 1.98249999E+00   5.48569903E+02   4.16835286E+01   0.00000000E+00   1.22589772E+00   6.95234105E+01 
 1.98749999E+00   4.90257389E+02   4.12161633E+01   0.00000000E+00   1.28822296E+00   7.21238273E+01 
 1.99249999E+00   5.12559699E+02   3.95867287E+01   0.00000000E+00   1.24227085E+00   7.58337076E+01 
 1.99749999E+00   4.81321825E+02   3.98954132E+01   0.00000000E+00   1.25824227E+00   7.70388320E+01 
 2.00249999E+00   5.12312734E+02   4.00945487E+01   0.00000000E+00   1.24694494E+00   7.98169264E+01 
 2.00749999E+00   5.28877769E+02   4.01359329E+01   0.00000000E+00   1.27069567E+00   8.22166225E+01 
 2.01249999E+00   4.49738428E+02   3.95919537E+01   0.00000000E+00   1.27085829E+00   8.27313846E+01 
 2.01749999E+00   4.39427085E+02   3.88587587E+01   0.00000000E+00   1.30105079E+00   8.29048693E+01 
 2.02249999E+00   4.70416273E+02   3.85750222E+01   0.00000000E+00   1.32182260E+00   7.66750638E+01 
 2.02749999E+00   4.24370671E+02   3.86885683E+01   0.00000000E+00   1.27932701E+00   7.43271135E+01 
 2.03249999E+00   3.92300516E+02   3.93729525E+01   0.00000000E+00   1.21601744E+00   7.23130054E+01 
 2.03749999E+00   4.73177835E+02   4.01517305E+01   0.00000000E+00   1.18113921E+00   6.98812096E+01 
 2.04249999E+00   4.80249679E+02   3.99765094E+01   0.00000000E+00   1.20340674E+00   6.57553947E+01 
 2.04749999E+00   5.34056197E+02   3.79494862E+01   0.00000000E+00   1.22087161E+00   5.99564289E+01 
 2.05249999E+00   5.14237675E+02   3.82160499E+01   0.00000000E+00   1.28068278E+00   5.41015261E+01 
 2.05749999E+00   4.07472702E+02   3.85269343E+01   0.00000000E+00   1.31542623E+00   5.05250776E+01 
 2.06249999E+00   3.60232189E+02   3.85150554E+01   0.00000000E+00   1.27078794E+00   5.10272550E+01 
 2.06749999E+00   2.03294101E+02   3.76208275E+01   0.00000000E+00   1.24834285E+00   7.64050000E+01 
 2.07249999E+00   2.15106443E+02   3.68416227E+01   0.00000000E+00   1.15246479E+00   9.22799177E+01 
 2.07749999E+00   2.40119585E+02   3.60803641E+01   0.00000000E+00   1.11662403E+00   9.87750297E+01 
 2.08249999E+00   2.95967642E+02   3.75398392E+01   0.00000000E+00   1.08930733E+00   9.90349078E+01 
 2.08749999E+00   4.07632874E+02   3.91433136E+01   0.00000000E+00   1.21024438E+00   9.84693493E+01 
 2.09249999E+00   3.92835800E+02   3.79739111E+01   0.00000000E+00   1.18817325E+00   9.67126896E+01 
 2.09749999E+00   3.42481423E+02   3.76526184E+01   0.00000000E+00   1.27633036E+00   9.66374075E+01 
 2.10249999E+00   2.73624983E+02   3.75712822E+01   0.00000000E+00   1.26307537E+00   9.68791610E+01 
 2.10749999E+00   3.09698919E+02   3.66486116E+01   0.00000000E+00   1.18535409E+00   9.31808338E+01 
 2.11249999E+00   3.16368215E+02   3.67559584E+01   0.00000000E+00   1.19825071E+00   9.30875069E+01 
 2.11749999E+00   4.39355714E+02   3.67524357E+01   0.00000000E+00   1.25158394E+00   9.50546473E+01 
 2.12249999E+00   4.59170972E+02   3.83582375E+01   0.00000000E+00   1.24626660E+00   9.69856162E+01 
 2.12749999E+00   4.46347759E+02   3.82341343E+01   0.00000000E+00   1.21252804E+00   9.97745301E+01 
 2.13249999E+00   4.13423659E+02   3.80504995E+01   0.00000000E+00   1.17216682E+00   1.01394803E+02 
 2.13749999E+00   3.89276601E+02   3.82888400E+01   0.00000000E+00   1.20981931E+00   1.00698946E+02 
 2.14249999E+00   4.23389443E+02   4.03708070E+01   0.00000000E+00   1.19757851E+00   1.00845166E+02 
 2.14749999E+00   3.91536127E+02   4.04683571E+01   0.00000000E+00   1.21520282E+00   9.59852710E+01 
 2.15249999E+00   3.12698445E+02   4.07640752E+01   0.00000000E+00   1.25733190E+00   9.08985032E+01 
 2.15749999E+00   3.21739524E+02   4.00323729E+01   0.00000000E+00   1.27848937E+00   9.10634842E+01 
 2.16249999E+00   3.06760578E+02   3.98451224E+01   0.00000000E+00   1.26950374E+00   9.14133342E+01 
 2.16749999E+00   3.22262183E+02   3.78461214E+01   0.00000000E+00   1.21128059E+00   8.12418558E+01 
 2.17249999E+00   3.57887413E+02   3.73455312E+01   0.00000000E+00   1.15208856E+00   7.07723895E+01 
 2.17749999E+00   3.65892928E+02   3.90207436E+01   0.00000000E+00   1.13432132E+00   6.12191122E+01 
 2.18249999E+00   3.84741698E+02   3.92059460E+01   0.00000000E+00   1.19315837E+00   5.76856200E+01 
 2.18749999E+00   4.18467342E+02   3.89783042E+01   0.00000000E+00   1.21317373E+00   6.18977954E+01 
 2.19249999E+00   3.81415873E+02   3.95115304E+01   0.00000000E+00   1.26126064E+00   6.36355558E+01 
 2.19749999E+00   3.42712322E+02   4.00259356E+01   0.00000000E+00   1.33264192E+00   6.21991295E+01 
 2.20249999E+00   2.52032816E+02   4.01635246E+01   0.00000000E+00   1.37327292E+00   5.49031471E+01 
 2.20749999E+00   2.72308723E+02   4.04697308E+01   0.00000000E+00   1.25411282E+00   5.03296108E+01 
 2.21249999E+00   2.80073190E+02   4.01963843E+01   0.00000000E+00   1.29733100E+00   4.56618200E+01 
 2.21749999E+00   3.28679313E+02   3.95192842E+01   0.00000000E+00   1.23363534E+00   4.55221661E+01 
 2.22249999E+00   3.10609888E+02   3.91211078E+01   0.00000000E+00   1.28434274E+00   4.36817586E+01 
 2.22749999E+00   2.25622754E+02   4.06407846E+01   0.00000000E+00   1.27471081E+00   4.39357589E+01 
 2.23249999E+00   2.40474845E+02   4.10497183E+01   0.00000000E+00   1.26029953E+00   4.41808250E+01 
 2.23749999E+00   2.90929554E+02   3.99781893E+01   0.00000000E+00   1.24929088E+00   4.48271666E+01 
 2.24249999E+00   3.41118234E+02   4.01432505E+01   0.00000000E+00   1.22401370E+00   4.78046820E+01 
 2.24749999E+00   3.56925623E+02   4.02263051E+01   0.00000000E+00   1.22561847E+00   5.36097398E+01 
 2.25249999E+00   2.39098762E+02   4.10225436E+01   0.00000000E+00   1.23837489E+00   7.25159001E+01 
 2.25749999E+00   1.62134986E+02   4.05385299E+01   0.00000000E+00   1.21366891E+00   9.73620255E+01 
 2.26249999E+00   2.95925715E+02   4.01568778E+01   0.00000000E+00   1.18654525E+00   1.02761279E+02 
 2.26749999E+00   4.18274963E+02   4.00141065E+01   0.00000000E+00   1.24373028E+00   1.03251775E+02 
 2.27249999E+00   5.06714866E+02   3.96485794E+01   0.00000000E+00   1.19333462E+00   1.04656054E+02 
 2.27749999E+00   4.33697486E+02   4.14645314E+01   0.00000000E+00   1.20859541E+00   1.04693185E+02 
 2.28249999E+00   3.70898415E+02   4.21112904E+01   0.00000000E+00   1.24307927E+00   1.04714687E+02 
 2.28749999E+00   3.85992343E+02   4.22878775E+01   0.00000000E+00   1.27367703E+00   1.01751308E+02 
 2.29249999E+00   3.74209141E+02   4.33476904E+01   0.00000000E+00   1.26276816E+00   1.00198990E+02 
 2.29749999E+00   3.92826869E+02   4.28250119E+01   0.00000000E+00   1.29765301E+00   9.95198599E+01 
 2.30249999E+00   3.57870305E+02   4.43361299E+01   0.00000000E+00   1.28682289E+00   1.00346069E+02 
 2.30749999E+00   4.08408668E+02   4.41384744E+01   0.00000000E+00   1.24809885E+00   1.00774023E+02 
 2.31249999E+00   4.02036190E+02   4.59315846E+01   0.00000000E+00   1.25217675E+00   1.01040823E+02 
 2.31749999E+00   3.70569462E+02   4.86040873E+01   0.00000000E+00   1.22718034E+00   9.95627780E+01 
 2.32249999E+00   3.78241720E+02   4.91184326E+01   0.00000000E+00   1.24560763E+00   9.82013160E+01 
 2.32749999E+00   4.22799143E+02   4.82607079E+01   0.00000000E+00   1.25836869E+00   9.89636755E+01 
 2.33249999E+00   4.63147423E+02   4.40147645E+01   0.00000000E+00   1.24410899E+00   1.00663324E+02 
 2.33749999E+00   4.83952481E+02   4.45080537E+01   0.00000000E+00   1.25073427E+00   1.01449965E+02 
 2.34249998E+00   4.44611718E+02   4.49416304E+01   0.00000000E+00   1.32563023E+00   9.67724395E+01 
 2.34749998E+00   4.70709719E+02   4.72808245E+01   0.00000000E+00   1.26238592E+00   9.01452337E+01 
 2.35249998E+00   4.62906195E+02   4.49220938E+01   0.00000000E+00   1.28546981E+00   8.25271494E+01 
 2.35749998E+00   5.32581360E+02   4.70449199E+01   0.00000000E+00   1.27953861E+00   6.11436469E+01 
 2.36249998E+00   5.10491728E+02   4.66463089E+01   0.00000000E+00   1.33965210E+00   5.53351973E+01 
 2.36749998E+00   4.40163464E+02   4.54920384E+01   0.00000000E+00   1.38500802E+00   5.54443100E+01 
 2.37249998E+00   4.31837424E+02   4.61374660E+01   0.00000000E+00   1.26656398E+00   5.31439607E+01 
 2.37749998E+00   5.79492130E+02   4.58036438E+01   0.00000000E+00   1.30277179E+00   6.36055504E+01 
 2.38249998E+00   6.32543620E+02   4.52196686E+01   0.00000000E+00   1.24181150E+00   7.53039112E+01 
 2.38749998E+00   5.57483338E+02   4.34559781E+01   0.00000000E+00   1.28107160E+00   7.76235979E+01 
 2.39249998E+00   3.96694075E+02   4.13763983E+01   0.00000000E+00   1.28502955E+00   7.60844386E+01 
 2.39749998E+00   3.65878331E+02   4.05909125E+01   0.00000000E+00   1.19840159E+00   7.71642413E+01 
 2.40249998E+00   4.84327986E+02   3.97090736E+01   0.00000000E+00   1.18582062E+00   7.34278434E+01 
 2.40749998E+00   6.27100617E+02   4.13822210E+01   0.00000000E+00   1.18957375E+00   8.05738229E+01 
 2.41249998E+00   6.13588869E+02   4.26736573E+01   0.00000000E+00   1.23651485E+00   8.42620880E+01 
 2.41749998E+00   5.70789867E+02   4.23340201E+01   0.00000000E+00   1.22103039E+00   8.15970705E+01 
 2.42249998E+00   4.61764041E+02   4.20606988E+01   0.00000000E+00   1.21293142E+00   7.72639549E+01 
 2.42749998E+00   3.87607807E+02   4.11992452E+01   0.00000000E+00   1.24297862E+00   7.95975188E+01 
 2.43249998E+00   3.60585853E+02   4.00715051E+01   0.00000000E+00   1.17430328E+00   8.52941844E+01 
 2.43749998E+00   4.72611385E+02   4.04948191E+01   0.00000000E+00   1.24814627E+00   8.57847772E+01 
 2.44249998E+00   5.45535731E+02   4.11749841E+01   0.00000000E+00   1.23688492E+00   8.60479412E+01 
 2.44749998E+00   5.03250208E+02   4.03839788E+01   0.00000000E+00   1.28294371E+00   8.62188498E+01 
 2.45249998E+00   4.39397856E+02   4.09882945E+01   0.00000000E+00   1.25904105E+00   8.74118387E+01 
 2.45749998E+00   4.36329791E+02   4.13988997E+01   0.00000000E+00   1.22533118E+00   8.83342218E+01 
 2.46249998E+00   5.08343958E+02   4.13325364E+01   0.00000000E+00   1.23110462E+00   8.85459931E+01 
 2.46749998E+00   4.98356189E+02   4.17123062E+01   0.00000000E+00   1.28533612E+00   8.81343764E+01 
 2.47249998E+00   4.82397019E+02   4.43006257E+01   0.00000000E+00   1.27510360E+00   8.74619015E+01 
 2.47749998E+00   4.75944060E+02   4.61004189E+01   0.00000000E+00   1.31382279E+00   8.52213442E+01 
 2.48249998E+00   4.00203780E+02   4.57306419E+01   0.00000000E+00   1.22242554E+00   7.99635438E+01 
 2.48749998E+00   3.65622542E+02   4.80054224E+01   0.00000000E+00   1.19506524E+00   8.17480898E+01 
 2.49249998E+00   2.74973899E+02   4.79771752E+01   0.00000000E+00   1.28040520E+00   9.22077065E+01 
 2.49749998E+00   2.23520424E+02   4.74353465E+01   0.00000000E+00   1.29394232E+00   1.05498320E+02 
 2.50249998E+00   2.80866110E+02   4.65778809E+01   0.00000000E+00   1.26673734E+00   1.13025656E+02 
 2.50749998E+00   3.82988980E+02   4.42341798E+01   0.00000000E+00   1.25938501E+00   1.04710238E+02 
 2.51249998E+00   3.84146627E+02   4.26333381E+01   0.00000000E+00   1.19030997E+00   9.53496139E+01 
 2.51749998E+00   4.69310629E+02   4.28643617E+01   0.00000000E+00   1.25623541E+00   8.84860565E+01 
 2.52249998E+00   5.10670407E+02   4.21250587E+01   0.00000000E+00   1.22330736E+00   8.99920798E+01 
 2.52749998E+00   6.22497355E+02   4.25405133E+01   0.00000000E+00   1.21942746E+00   9.92597549E+01 
 2.53249998E+00   5.46705573E+02   4.35590307E+01   0.00000000E+00   1.18278262E+00   1.00768121E+02 
 2.53749998E+00   5.44848344E+02   4.30882485E+01   0.00000000E+00   1.20463799E+00   1.02822995E+02 
 2.54249998E+00   5.19285949E+02   4.15160325E+01   0.00000000E+00   1.20199394E+00   1.00796751E+02 
 2.54749998E+00   4.79497197E+02   4.06308098E+01   0.00000000E+00   1.21463473E+00   9.99702835E+01 
 2.55249998E+00   4.12428803E+02   4.14534995E+01   0.00000000E+00   1.23774702E+00   1.00735703E+02 
 2.55749998E+00   3.95393004E+02   4.11907479E+01   0.00000000E+00   1.24386183E+00   1.01866618E+02 
 2.56249998E+00   4.60139361E+02   4.21207815E+01   0.00000000E+00   1.28015549E+00   1.00441141E+02 
 2.56749998E+00   4.78628657E+02   4.36021374E+01   0.00000000E+00   1.29294927E+00   9.95639387E+01 
 2.57249998E+00   4.87961532E+02   4.65954335E+01   0.00000000E+00   1.23900695E+00   9.94338233E+01 
 2.57749998E+00   5.37604743E+02   4.80458501E+01   0.00000000E+00   1.18498884E+00   1.01114718E+02 
 2.58249998E+00   5.57724925E+02   4.76216709E+01   0.00000000E+00   1.27603124E+00   1.03880585E+02 
 2.58749998E+00   4.90441663E+02   4.69899429E+01   0.00000000E+00   1.31530490E+00   1.03021963E+02 
 2.59249998E+00   4.68983290E+02   4.88502114E+01   0.00000000E+00   1.30013374E+00   9.48403676E+01 
 2.59749998E+00   4.27051681E+02   4.87405434E+01   0.00000000E+00   1.32785520E+00   7.78812401E+01 
 2.60249998E+00   5.10876774E+02   4.65623762E+01   0.00000000E+00   1.31792245E+00   6.42382690E+01 
 2.60749998E+00   4.64499136E+02   4.59823632E+01   0.00000000E+00   1.29217855E+00   6.12012396E+01 
 2.61249998E+00   3.97288214E+02   4.68018669E+01   0.00000000E+00   1.23875849E+00   6.20468383E+01 
 2.61749998E+00   3.99731798E+02   4.63685777E+01   0.00000000E+00   1.24027506E+00   6.63995437E+01 
 2.62249998E+00   4.34345565E+02   4.69796591E+01   0.00000000E+00   1.24894767E+00   6.75433548E+01 
 2.62749998E+00   4.97613391E+02   4.50181991E+01   0.00000000E+00   1.26597089E+00   5.62872333E+01 
 2.63249998E+00   5.34865955E+02   4.55098465E+01   0.00000000E+00   1.29350493E+00   5.36339819E+01 
 2.63749998E+00   5.70763148E+02   4.69510954E+01   0.00000000E+00   1.33254927E+00   5.31392955E+01 
 2.64249998E+00   5.02016132E+02   4.79295108E+01   0.00000000E+00   1.21860365E+00   5.15891855E+01 
 2.64749998E+00   4.24652928E+02   4.53023224E+01   0.00000000E+00   1.19292039E+00   5.35207951E+01 
 2.65249998E+00   4.09682518E+02   4.54715557E+01   0.00000000E+00   1.20445303E+00   5.53305733E+01 
 2.65749998E+00   3.46253085E+02   4.62817040E+01   0.00000000E+00   1.16439103E+00   6.19541789E+01 
 2.66249998E+00   3.31911890E+02   4.56548096E+01   0.00000000E+00   1.25020217E+00   7.06625211E+01 
 2.66749998E+00   3.97165878E+02   4.70970585E+01   0.00000000E+00   1.32992644E+00   7.27814491E+01 
 2.67249998E+00   5.13953231E+02   4.98399768E+01   0.00000000E+00   1.32722387E+00   7.29067598E+01 
 2.67749998E+00   5.39673790E+02   4.78466395E+01   0.00000000E+00   1.19032616E+00   7.13358806E+01 
 2.68249998E+00   3.99002987E+02   4.42457304E+01   0.00000000E+00   1.24052104E+00   6.80897534E+01 
 2.68749998E+00   3.51592618E+02   4.49581729E+01   0.00000000E+00   1.18570801E+00   7.16546576E+01 
 2.69249998E+00   5.02729377E+02   4.57546837E+01   0.00000000E+00   1.18475706E+00   7.20234671E+01 
 2.69749998E+00   6.15407077E+02   4.74225039E+01   0.00000000E+00   1.15204569E+00   7.95061305E+01 
 2.70249998E+00   6.78370732E+02   4.58063296E+01   0.00000000E+00   1.18060082E+00   9.04829475E+01 
 2.70749998E+00   6.22773802E+02   4.54755797E+01   0.00000000E+00   1.25584784E+00   9.59640805E+01 
 2.71249998E+00   5.55348300E+02   4.37692097E+01   0.00000000E+00   1.26805350E+00   9.60975418E+01 
 2.71749998E+00   5.73261821E+02   4.34171051E+01   0.00000000E+00   1.27411850E+00   9.63364891E+01 
 2.72249998E+00   6.35754247E+02   4.48038867E+01   0.00000000E+00   1.23609525E+00   1.00119191E+02 
 2.72749998E+00   6.48886329E+02   4.76683126E+01   0.00000000E+00   1.35166099E+00   1.04578230E+02 
 2.73249998E+00   7.26259790E+02   4.86960219E+01   0.00000000E+00   1.32040108E+00   1.13595961E+02 
 2.73749998E+00   6.76494495E+02   4.91924789E+01   0.00000000E+00   1.21890542E+00   1.17182357E+02 
 2.74249998E+00   5.48114347E+02   5.32958462E+01   0.00000000E+00   1.15017118E+00   1.17628226E+02 
 2.74749998E+00   5.96057991E+02   5.45053463E+01   0.00000000E+00   1.13138271E+00   1.16801683E+02 
 2.75249998E+00   5.93570078E+02   5.28920590E+01   0.00000000E+00   1.16732114E+00   1.14558895E+02 
 2.75749998E+00   6.03206048E+02   5.24440239E+01   0.00000000E+00   1.28573216E+00   1.06421738E+02 
 2.76249998E+00   4.70668869E+02   5.11209984E+01   0.00000000E+00   1.24705947E+00   9.73967728E+01 
 2.76749998E+00   4.74909286E+02   4.80291011E+01   0.00000000E+00   1.18878576E+00   9.51252134E+01 
 2.77249998E+00   5.33993254E+02   4.67157978E+01   0.00000000E+00   1.16604796E+00   9.81844668E+01 
 2.77749998E+00   7.50235557E+02   4.63692298E+01   0.00000000E+00   1.22634930E+00   9.85286846E+01 
 2.78249998E+00   8.78104809E+02   4.87125937E+01   0.00000000E+00   1.24966443E+00   9.31129698E+01 
 2.78749997E+00   1.08840053E+03   4.93877204E+01   0.00000000E+00   1.22055010E+00   8.51693604E+01 
 2.79249997E+00   1.28338222E+03   4.91594951E+01   0.00000000E+00   1.21033155E+00   9.70400545E+01 
 2.79749997E+00   1.54870727E+03   4.99163532E+01   0.00000000E+00   1.21066973E+00   9.78015295E+01 
 2.80249997E+00   1.57492524E+03   5.08274331E+01   0.00000000E+00   1.23632410E+00   9.31079197E+01 
 2.80749997E+00   1.25551604E+03   5.11203409E+01   0.00000000E+00   1.27147241E+00   9.21160993E+01 
 2.81249997E+00   8.19426940E+02   5.08867250E+01   0.00000000E+00   1.29436092E+00   1.01829646E+02 
 2.81749997E+00   6.54784171E+02   4.96273666E+01   0.00000000E+00   1.23125261E+00   1.05327008E+02 
 2.82249997E+00   5.49042136E+02   5.08357092E+01   0.00000000E+00   1.22117126E+00   1.04094347E+02 
 2.82749997E+00   6.76188424E+02   5.08777764E+01   0.00000000E+00   1.23017419E+00   1.02091019E+02 
 2.83249997E+00   6.69148786E+02   5.12061405E+01   0.00000000E+00   1.26379820E+00   9.28055081E+01 
 2.83749997E+00   7.00529726E+02   5.18873129E+01   0.00000000E+00   1.27590366E+00   9.13929774E+01 
 2.84249997E+00   5.95943116E+02   5.04834008E+01   0.00000000E+00   1.18718614E+00   9.20658001E+01 
 2.84749997E+00   5.57108873E+02   4.90643475E+01   0.00000000E+00   1.16216626E+00   9.04116868E+01 
 2.85249997E+00   4.58296012E+02   4.80369885E+01   0.00000000E+00   1.12506676E+00   9.05115270E+01 
 2.85749997E+00   4.98561336E+02   4.55867042E+01   0.00000000E+00   1.16308502E+00   8.82239727E+01 
 2.86249997E+00   3.88275181E+02   4.67073597E+01   0.00000000E+00   1.21830156E+00   9.36339781E+01 
 2.86749997E+00   4.06030932E+02   4.81880484E+01   0.00000000E+00   1.15009523E+00   9.72238873E+01 
 2.87249997E+00   3.89724805E+02   4.75126057E+01   0.00000000E+00   1.19227402E+00   1.01892142E+02 
 2.87749997E+00   4.25410288E+02   5.01514195E+01   0.00000000E+00   1.13669965E+00   1.01802900E+02 
 2.88249997E+00   4.31257954E+02   5.40502603E+01   0.00000000E+00   1.14754786E+00   1.03491373E+02 
 2.88749997E+00   4.29657626E+02   5.55099671E+01   0.00000000E+00   1.09382260E+00   1.05524822E+02 
 2.89249997E+00   5.16125282E+02   5.24908885E+01   0.00000000E+00   1.14758700E+00   1.02977886E+02 
 2.89749997E+00   6.18099886E+02   5.16570688E+01   0.00000000E+00   1.18831621E+00   1.03457333E+02 
 2.90249997E+00   6.83582191E+02   5.23663583E+01   0.00000000E+00   1.19349196E+00   1.00251157E+02 
 2.90749997E+00   6.62667709E+02   5.45824953E+01   0.00000000E+00   1.24431221E+00   1.00270424E+02 
 2.91249997E+00   6.97825009E+02   5.44267761E+01   0.00000000E+00   1.20175536E+00   9.71432239E+01 
 2.91749997E+00   7.26849409E+02   5.26153685E+01   0.00000000E+00   1.24442114E+00   9.71205358E+01 
 2.92249997E+00   6.29569558E+02   5.31650643E+01   0.00000000E+00   1.24409202E+00   9.70964594E+01 
 2.92749997E+00   5.67386108E+02   5.30214138E+01   0.00000000E+00   1.19615960E+00   9.03274111E+01 
 2.93249997E+00   4.66733771E+02   5.69425032E+01   0.00000000E+00   1.18906402E+00   8.17384771E+01 
 2.93749997E+00   3.86400917E+02   5.74027029E+01   0.00000000E+00   1.23959417E+00   6.71561921E+01 
 2.94249997E+00   4.70618551E+02   5.82747319E+01   0.00000000E+00   1.23638590E+00   5.96145522E+01 
 2.94749997E+00   5.71671319E+02   5.70718669E+01   0.00000000E+00   1.19865627E+00   5.88613896E+01 
 2.95249997E+00   5.74769976E+02   5.60017994E+01   0.00000000E+00   1.27216159E+00   6.24964285E+01 
 2.95749997E+00   5.04495904E+02   5.43580526E+01   0.00000000E+00   1.22342852E+00   6.23940143E+01 
 2.96249997E+00   6.02237767E+02   5.60325363E+01   0.00000000E+00   1.26887227E+00   6.42311089E+01 
 2.96749997E+00   6.06897695E+02   5.86576758E+01   0.00000000E+00   1.19401694E+00   6.60829001E+01 
 2.97249997E+00   5.51788743E+02   5.95334577E+01   0.00000000E+00   1.14658273E+00   6.22967850E+01 
 2.97749997E+00   5.29099809E+02   5.70547649E+01   0.00000000E+00   1.22325524E+00   6.00121135E+01 
 2.98249997E+00   6.37859159E+02   5.53515391E+01   0.00000000E+00   1.20603549E+00   6.24656443E+01 
 2.98749997E+00   6.32451949E+02   5.26134013E+01   0.00000000E+00   1.22480738E+00   6.18760566E+01 
 2.99249997E+00   4.86869051E+02   4.99916148E+01   0.00000000E+00   1.12972944E+00   6.25874472E+01 
 2.99749997E+00   4.73585153E+02   4.98943029E+01   0.00000000E+00   1.10109600E+00   6.43403715E+01 
 3.00249997E+00   4.96525249E+02   5.14016284E+01   0.00000000E+00   1.14043937E+00   6.47045909E+01 
 3.00749997E+00   4.20738165E+02   5.03195342E+01   0.00000000E+00   1.16802446E+00   6.91915239E+01 
 3.01249997E+00   4.01068017E+02   5.05229731E+01   0.00000000E+00   1.15322281E+00   7.51244857E+01 
 3.01749997E+00   3.37390327E+02   5.00466713E+01   0.00000000E+00   1.16286446E+00   8.47355328E+01 
 3.02249997E+00   4.20257611E+02   5.18150883E+01   0.00000000E+00   1.16902877E+00   8.73033188E+01 
 3.02749997E+00   5.40996668E+02   5.24504948E+01   0.00000000E+00   1.17545604E+00   8.77636531E+01 
 3.03249997E+00   6.06285266E+02   5.30724653E+01   0.00000000E+00   1.12453646E+00   8.93720269E+01 
 3.03749997E+00   7.61472107E+02   5.55375977E+01   0.00000000E+00   1.24981601E+00   9.85289741E+01 
 3.04249997E+00   7.82309335E+02   5.45895439E+01   0.00000000E+00   1.21851778E+00   1.11040893E+02 
 3.04749997E+00   5.26823176E+02   5.42360988E+01   0.00000000E+00   1.10128221E+00   1.11261744E+02 
 3.05249997E+00   5.67333028E+02   5.51147405E+01   0.00000000E+00   1.17795548E+00   1.11295640E+02 
 3.05749997E+00   5.73735274E+02   5.51317998E+01   0.00000000E+00   1.19834944E+00   1.11475983E+02 
 3.06249997E+00   7.04594225E+02   5.44956604E+01   0.00000000E+00   1.15086744E+00   1.15700901E+02 
 3.06749997E+00   7.08400138E+02   5.47705893E+01   0.00000000E+00   1.17216036E+00   1.19751897E+02 
 3.07249997E+00   7.94645144E+02   5.49690285E+01   0.00000000E+00   1.20146884E+00   1.30205105E+02 
 3.07749997E+00   7.55846623E+02   5.60375510E+01   0.00000000E+00   1.16982521E+00   1.36018352E+02 
 3.08249997E+00   6.07922356E+02   5.53028243E+01   0.00000000E+00   1.12493949E+00   1.35603624E+02 
 3.08749997E+00   4.21514569E+02   5.75827639E+01   0.00000000E+00   1.22866437E+00   1.39666794E+02 
 3.09249997E+00   3.13516201E+02   5.99247214E+01   0.00000000E+00   1.24806479E+00   1.50508376E+02 
 3.09749997E+00   2.54203361E+02   5.85204176E+01   0.00000000E+00   1.21816549E+00   1.64853115E+02 
 3.10249997E+00   3.60479693E+02   5.93319497E+01   0.00000000E+00   1.20946404E+00   1.70505076E+02 
 3.10749997E+00   4.41545626E+02   5.87154506E+01   0.00000000E+00   1.23729191E+00   1.70460169E+02 
 3.11249997E+00   4.22605508E+02   5.81364338E+01   0.00000000E+00   1.35843546E+00   1.70203682E+02 
 3.11749997E+00   4.53563600E+02   5.71502579E+01   0.00000000E+00   1.22709650E+00   1.65064608E+02 
 3.12249997E+00   5.24675477E+02   5.75626288E+01   0.00000000E+00   1.24792521E+00   1.62902995E+02 
 3.12749997E+00   5.76701983E+02   5.88553134E+01   0.00000000E+00   1.23800514E+00   1.63427876E+02 
 3.13249997E+00   5.17083341E+02   5.78279248E+01   0.00000000E+00   1.23366272E+00   1.63738952E+02 
 3.13749997E+00   4.14926471E+02   5.98919841E+01   0.00000000E+00   1.26422543E+00   1.58554659E+02 
 3.14249997E+00   3.15936724E+02   6.27108833E+01   0.00000000E+00   1.16938031E+00   1.53965614E+02 
 3.14749997E+00   4.68928524E+02   5.85139681E+01   0.00000000E+00   1.25737824E+00   1.54744140E+02 
 3.15249997E+00   6.04918311E+02   5.57725395E+01   0.00000000E+00   1.15866271E+00   1.55931408E+02 
 3.15749997E+00   5.28140817E+02   5.66338002E+01   0.00000000E+00   1.12017211E+00   1.55689381E+02 
 3.16249997E+00   3.11988356E+02   5.67580394E+01   0.00000000E+00   1.13321403E+00   1.54203966E+02 
 3.16749997E+00   2.56693803E+02   5.75282427E+01   0.00000000E+00   1.18940413E+00   1.52990115E+02 
 3.17249997E+00   2.10678041E+02   5.56291030E+01   0.00000000E+00   1.23827615E+00   1.40916225E+02 
 3.17749997E+00   4.24587260E+02   5.84977003E+01   0.00000000E+00   1.29555894E+00   1.18221292E+02 
 3.18249997E+00   4.09319494E+02   6.12039294E+01   0.00000000E+00   1.24002439E+00   1.09586628E+02 
 3.18749997E+00   4.45180248E+02   5.72360335E+01   0.00000000E+00   1.18795782E+00   1.10201348E+02 
 3.19249997E+00   3.47676636E+02   6.07079441E+01   0.00000000E+00   1.13061649E+00   1.08789724E+02 
 3.19749997E+00   4.03784928E+02   5.75207644E+01   0.00000000E+00   1.11181370E+00   1.01762741E+02 
 3.20249997E+00   4.73214991E+02   5.75381581E+01   0.00000000E+00   1.08198273E+00   1.01486622E+02 
 3.20749997E+00   5.50824300E+02   5.80037114E+01   0.00000000E+00   1.09127440E+00   1.05416836E+02 
 3.21249997E+00   5.11742876E+02   5.47774049E+01   0.00000000E+00   1.10407613E+00   1.07152721E+02 
 3.21749997E+00   3.98186163E+02   5.37429197E+01   0.00000000E+00   1.16485005E+00   1.07712402E+02 
 3.22249997E+00   2.96142340E+02   5.29013432E+01   0.00000000E+00   1.18775023E+00   1.09654644E+02 
 3.22749997E+00   2.57939642E+02   5.14700912E+01   0.00000000E+00   1.24225462E+00   1.08903649E+02 
 3.23249997E+00   2.88165068E+02   5.43593286E+01   0.00000000E+00   1.16609051E+00   1.08752492E+02 
 3.23749996E+00   4.34957134E+02   5.76437778E+01   0.00000000E+00   1.21230137E+00   1.09333709E+02 
 3.24249996E+00   5.77858914E+02   5.80608535E+01   0.00000000E+00   1.15725945E+00   1.11478912E+02 
 3.24749996E+00   7.28815237E+02   5.76758099E+01   0.00000000E+00   1.16646037E+00   1.14876420E+02 
 3.25249996E+00   1.02374369E+03   5.81379831E+01   0.00000000E+00   1.14719796E+00   1.15696191E+02 
 3.25749996E+00   9.77990605E+02   5.99405678E+01   0.00000000E+00   1.22913541E+00   1.14703211E+02 
 3.26249996E+00   8.27771701E+02   6.06609143E+01   0.00000000E+00   1.17325501E+00   1.14919766E+02 
 3.26749996E+00   6.95284267E+02   6.03016973E+01   0.00000000E+00   1.24717289E+00   1.13611592E+02 
 3.27249996E+00   6.69781444E+02   5.87927086E+01   0.00000000E+00   1.16486524E+00   1.09080523E+02 
 3.27749996E+00   5.68651601E+02   5.88270198E+01   0.00000000E+00   1.21808674E+00   1.11767160E+02 
 3.28249996E+00   6.27621304E+02   6.14512107E+01   0.00000000E+00   1.28891192E+00   1.16879405E+02 
 3.28749996E+00   4.82255640E+02   6.15775390E+01   0.00000000E+00   1.23423234E+00   1.16988820E+02 
 3.29249996E+00   4.42873991E+02   6.31288257E+01   0.00000000E+00   1.15983140E+00   1.13123807E+02 
 3.29749996E+00   4.85734608E+02   6.38119848E+01   0.00000000E+00   1.19830471E+00   1.11742099E+02 
 3.30249996E+00   4.62543422E+02   6.26029215E+01   0.00000000E+00   1.18626309E+00   1.12097547E+02 
 3.30749996E+00   3.78692291E+02   6.16036928E+01   0.00000000E+00   1.14381671E+00   1.13456999E+02 
 3.31249996E+00   5.14379629E+02   6.06201169E+01   0.00000000E+00   1.16168197E+00   1.13957600E+02 
 3.31749996E+00   5.82358239E+02   5.88979075E+01   0.00000000E+00   1.18672483E+00   1.14877073E+02 
 3.32249996E+00   5.17476636E+02   6.25428562E+01   0.00000000E+00   1.23895633E+00   1.05258824E+02 
 3.32749996E+00   5.29318047E+02   6.45334474E+01   0.00000000E+00   1.21070311E+00   8.75314883E+01 
 3.33249996E+00   4.62087005E+02   6.00766118E+01   0.00000000E+00   1.14860379E+00   6.92878281E+01 
 3.33749996E+00   2.15442049E+02   5.93239495E+01   0.00000000E+00   1.17680131E+00   9.34078671E+01 
 3.34249996E+00   1.43912714E+02   6.30271082E+01   0.00000000E+00   1.12218514E+00   1.22242117E+02 
 3.34749996E+00   2.00035970E+02   6.53412999E+01   0.00000000E+00   1.21003674E+00   1.36954838E+02 
 3.35249996E+00   3.52752346E+02   6.48568315E+01   0.00000000E+00   1.20562876E+00   1.35531736E+02 
 3.35749996E+00   5.98070156E+02   6.48276746E+01   0.00000000E+00   1.21772294E+00   1.39357013E+02 
 3.36249996E+00   6.83476820E+02   6.17210753E+01   0.00000000E+00   1.13448423E+00   1.47799651E+02 
 3.36749996E+00   4.98603944E+02   6.21403458E+01   0.00000000E+00   1.14000197E+00   1.46237184E+02 
 3.37249996E+00   4.56475867E+02   6.10000723E+01   0.00000000E+00   1.25449022E+00   1.40536503E+02 
 3.37749996E+00   5.40326209E+02   6.14157697E+01   0.00000000E+00   1.19575477E+00   1.40316826E+02 
 3.38249996E+00   5.41741008E+02   6.36941803E+01   0.00000000E+00   1.21063596E+00   1.36800122E+02 
 3.38749996E+00   4.38089001E+02   6.36297681E+01   0.00000000E+00   1.13320678E+00   1.37111638E+02 
 3.39249996E+00   2.38292914E+02   6.09306939E+01   0.00000000E+00   1.11003239E+00   1.44615980E+02 
 3.39749996E+00   2.70618535E+02   6.01668725E+01   0.00000000E+00   1.10414941E+00   1.48933367E+02 
 3.40249996E+00   2.55772612E+02   6.02407026E+01   0.00000000E+00   1.13918657E+00   1.53532596E+02 
 3.40749996E+00   2.43584172E+02   6.31418006E+01   0.00000000E+00   1.19466730E+00   1.57938436E+02 
 3.41249996E+00   2.60058846E+02   6.37086566E+01   0.00000000E+00   1.21816064E+00   1.59757534E+02 
 3.41749996E+00   2.82574122E+02   6.10423576E+01   0.00000000E+00   1.20992287E+00   1.56202112E+02 
 3.42249996E+00   4.09905060E+02   6.01084417E+01   0.00000000E+00   1.14871516E+00   1.54115097E+02 
 3.42749996E+00   4.68450337E+02   5.95935370E+01   0.00000000E+00   1.13743580E+00   1.52619260E+02 
 3.43249996E+00   5.72680845E+02   5.94204734E+01   0.00000000E+00   1.08325933E+00   1.58765915E+02 
 3.43749996E+00   6.83354736E+02   6.03974549E+01   0.00000000E+00   1.07965288E+00   1.66792121E+02 
 3.44249996E+00   4.67614541E+02   6.21621489E+01   0.00000000E+00   1.24348546E+00   1.54161292E+02 
 3.44749996E+00   5.22793896E+02   6.26000471E+01   0.00000000E+00   1.12253138E+00   1.45523321E+02 
 3.45249996E+00   5.70451625E+02   6.08116454E+01   0.00000000E+00   1.08781015E+00   1.47124181E+02 
 3.45749996E+00   6.17980886E+02   6.24484652E+01   0.00000000E+00   1.04952785E+00   1.49176792E+02 
 3.46249996E+00   6.55817869E+02   6.27334304E+01   0.00000000E+00   1.16072444E+00   1.47870404E+02 
 3.46749996E+00   8.30793392E+02   6.50307326E+01   0.00000000E+00   1.13010914E+00   1.71146086E+02 
 3.47249996E+00   7.04749162E+02   6.13746298E+01   0.00000000E+00   1.12579340E+00   1.79972945E+02 
 3.47749996E+00   5.64902534E+02   5.83919329E+01   0.00000000E+00   1.15692620E+00   1.81320061E+02 
 3.48249996E+00   6.16850783E+02   5.76969915E+01   0.00000000E+00   1.12695555E+00   1.84326539E+02 
 3.48749996E+00   3.74815904E+02   5.82188333E+01   0.00000000E+00   1.21015337E+00   1.85711937E+02 
 3.49249996E+00   2.33829955E+02   5.93594247E+01   0.00000000E+00   1.19272257E+00   1.84336259E+02 
 3.49749996E+00   3.92727703E+02   5.92517792E+01   0.00000000E+00   1.18131752E+00   1.78261238E+02 
 3.50249996E+00   4.06232565E+02   6.24491296E+01   0.00000000E+00   1.18814368E+00   1.70130597E+02 
 3.50749996E+00   3.78107227E+02   6.45535260E+01   0.00000000E+00   1.08998139E+00   1.60838540E+02 
 3.51249996E+00   5.19251017E+02   6.60734407E+01   0.00000000E+00   1.16542745E+00   1.49602805E+02 
 3.51749996E+00   6.48685127E+02   6.56633736E+01   0.00000000E+00   1.16570195E+00   1.41233622E+02 
 3.52249996E+00   5.82175723E+02   6.68972656E+01   0.00000000E+00   1.19114979E+00   1.38536620E+02 
 3.52749996E+00   4.78829393E+02   6.59670265E+01   0.00000000E+00   1.17540043E+00   1.38159956E+02 
 3.53249996E+00   3.39652506E+02   6.51292657E+01   0.00000000E+00   1.12495440E+00   1.44641636E+02 
 3.53749996E+00   4.83577190E+02   6.60616759E+01   0.00000000E+00   1.11131801E+00   1.40827825E+02 
 3.54249996E+00   5.77829648E+02   6.46286899E+01   0.00000000E+00   1.12112472E+00   1.41140971E+02 
 3.54749996E+00   5.17222425E+02   6.40404818E+01   0.00000000E+00   1.19559375E+00   1.41515923E+02 
 3.55249996E+00   5.12039120E+02   6.59662250E+01   0.00000000E+00   1.23092418E+00   1.41628358E+02 
 3.55749996E+00   4.63470099E+02   6.72776078E+01   0.00000000E+00   1.22448210E+00   1.40766507E+02 
 3.56249996E+00   3.76492517E+02   7.03780350E+01   0.00000000E+00   1.26466308E+00   1.39938973E+02 
 3.56749996E+00   3.10307080E+02   7.34011509E+01   0.00000000E+00   1.23939853E+00   1.21873509E+02 
 3.57249996E+00   3.38659873E+02   7.26346171E+01   0.00000000E+00   1.16629150E+00   1.12521131E+02 
 3.57749996E+00   4.83812571E+02   7.09534264E+01   0.00000000E+00   1.19449683E+00   1.10679785E+02 
 3.58249996E+00   5.76533382E+02   7.06109720E+01   0.00000000E+00   1.13940409E+00   1.09098725E+02 
 3.58749996E+00   7.45717295E+02   6.82493533E+01   0.00000000E+00   1.10193532E+00   1.26182891E+02 
 3.59249996E+00   6.62459908E+02   6.73670973E+01   0.00000000E+00   1.15393621E+00   1.19499394E+02 
 3.59749996E+00   5.54624761E+02   6.65341703E+01   0.00000000E+00   1.17439470E+00   1.18058632E+02 
 3.60249996E+00   5.92414080E+02   6.62804265E+01   0.00000000E+00   1.13843895E+00   1.17903084E+02 
 3.60749996E+00   6.72691953E+02   6.44397028E+01   0.00000000E+00   1.16637618E+00   1.19241880E+02 
 3.61249996E+00   5.77813473E+02   6.40933040E+01   0.00000000E+00   1.16445174E+00   1.20383010E+02 
 3.61749996E+00   5.80729972E+02   6.37070491E+01   0.00000000E+00   1.18129402E+00   1.18302429E+02 
 3.62249996E+00   5.53865501E+02   6.63034167E+01   0.00000000E+00   1.16994207E+00   1.17986242E+02 
 3.62749996E+00   6.49312476E+02   6.94462102E+01   0.00000000E+00   1.15179632E+00   1.17889959E+02 
 3.63249996E+00   9.12437001E+02   6.53949575E+01   0.00000000E+00   1.16656773E+00   1.09587206E+02 
 3.63749996E+00   1.18435360E+03   6.71592808E+01   0.00000000E+00   1.12596150E+00   1.10364695E+02 
 3.64249996E+00   1.64038545E+03   6.78491063E+01   0.00000000E+00   1.15575013E+00   1.11172984E+02 
 3.64749996E+00   1.87649050E+03   7.23388382E+01   0.00000000E+00   1.13192375E+00   1.11870651E+02 
 3.65249996E+00   1.80480141E+03   7.22215678E+01   0.00000000E+00   1.18874860E+00   1.12893844E+02 
 3.65749996E+00   1.29909306E+03   7.16909466E+01   0.00000000E+00   1.17737572E+00   1.11949060E+02 
 3.66249996E+00   8.08975975E+02   6.63600178E+01   0.00000000E+00   1.14473379E+00   1.07336627E+02 
 3.66749996E+00   5.60048576E+02   6.60671810E+01   0.00000000E+00   1.15140809E+00   9.50466956E+01 
 3.67249996E+00   5.24002436E+02   6.64934808E+01   0.00000000E+00   1.24352708E+00   8.17905498E+01 
 3.67749996E+00   3.84266739E+02   6.86159897E+01   0.00000000E+00   1.19362228E+00   8.76773863E+01 
 3.68249995E+00   3.98746624E+02   7.15434730E+01   0.00000000E+00   1.12305815E+00   9.21987677E+01 
 3.68749995E+00   5.21717698E+02   7.16175480E+01   0.00000000E+00   1.21373599E+00   7.77925475E+01 
 3.69249995E+00   5.08380504E+02   7.34557042E+01   0.00000000E+00   1.23999424E+00   7.09054555E+01 
 3.69749995E+00   5.58258200E+02   6.98655939E+01   0.00000000E+00   1.24759995E+00   7.06433784E+01 
 3.70249995E+00   6.82576611E+02   6.84588175E+01   0.00000000E+00   1.25791863E+00   7.06316186E+01 
 3.70749995E+00   1.22873757E+03   7.03364746E+01   0.00000000E+00   1.27352864E+00   5.84642660E+01 
 3.71249995E+00   2.02605093E+03   7.85956303E+01   0.00000000E+00   1.20351904E+00   5.54157701E+01 
 3.71749995E+00   2.86028950E+03   8.08369698E+01   0.00000000E+00   1.21883321E+00   5.34150769E+01 
 3.72249995E+00   3.08298709E+03   9.48316361E+01   0.00000000E+00   1.17651039E+00   5.30074603E+01 
 3.72749995E+00   2.51045251E+03   9.23426359E+01   0.00000000E+00   1.22847828E+00   5.62325029E+01 
 3.73249995E+00   1.84966340E+03   7.94071947E+01   0.00000000E+00   1.17396358E+00   5.15184046E+01 
 3.73749995E+00   1.60121322E+03   7.61766651E+01   0.00000000E+00   1.18400784E+00   5.27186665E+01 
 3.74249995E+00   2.52062408E+03   7.73456033E+01   0.00000000E+00   1.14570679E+00   5.98000842E+01 
 3.74749995E+00   4.56837959E+03   8.12066281E+01   0.00000000E+00   1.16855877E+00   6.20786599E+01 
 3.75249995E+00   7.42585126E+03   9.32213839E+01   0.00000000E+00   1.14765387E+00   5.97897869E+01 
 3.75749995E+00   8.39227930E+03   9.31078847E+01   0.00000000E+00   1.25439155E+00   6.80910661E+01 
 3.76249995E+00   7.19245387E+03   8.77121317E+01   0.00000000E+00   1.33753792E+00   6.93799335E+01 
 3.76749995E+00   4.61745083E+03   8.29993299E+01   0.00000000E+00   1.22595719E+00   9.30568598E+01 
 3.77249995E+00   1.82127360E+03   7.20905100E+01   0.00000000E+00   1.18883563E+00   1.05806899E+02 
 3.77749995E+00   9.07216145E+02   7.30528222E+01   0.00000000E+00   1.17479587E+00   1.03507839E+02 
 3.78249995E+00   4.83954238E+02   7.71881234E+01   0.00000000E+00   1.06934068E+00   1.03100502E+02 
 3.78749995E+00   5.40464253E+02   7.67757583E+01   0.00000000E+00   1.13256337E+00   1.04059148E+02 
 3.79249995E+00   4.48116939E+02   7.18941342E+01   0.00000000E+00   1.14988055E+00   1.04281503E+02 
 3.79749995E+00   3.03835077E+02   7.15052925E+01   0.00000000E+00   1.15447495E+00   1.09605200E+02 
 3.80249995E+00   3.10614658E+02   7.18666657E+01   0.00000000E+00   1.18380346E+00   1.13230849E+02 
 3.80749995E+00   3.05650559E+02   7.56100497E+01   0.00000000E+00   1.17489287E+00   1.17246955E+02 
 3.81249995E+00   3.95734868E+02   7.62421426E+01   0.00000000E+00   1.14165545E+00   1.17618243E+02 
 3.81749995E+00   3.90850533E+02   7.39543467E+01   0.00000000E+00   1.17284978E+00   1.16651444E+02 
 3.82249995E+00   5.45240204E+02   7.21810429E+01   0.00000000E+00   1.19357441E+00   1.19685238E+02 
 3.82749995E+00   5.93253032E+02   7.37336125E+01   0.00000000E+00   1.16333978E+00   1.23736437E+02 
 3.83249995E+00   5.15796436E+02   7.37423507E+01   0.00000000E+00   1.11487603E+00   1.25256431E+02 
 3.83749995E+00   4.14434620E+02   7.20536967E+01   0.00000000E+00   1.18701701E+00   1.25025652E+02 
 3.84249995E+00   2.33991688E+02   6.86139038E+01   0.00000000E+00   1.20067045E+00   1.28154229E+02 
 3.84749995E+00   3.15241232E+02   7.17197241E+01   0.00000000E+00   1.17740607E+00   1.29952908E+02 
 3.85249995E+00   6.69721262E+02   6.99542380E+01   0.00000000E+00   1.23017325E+00   1.40532939E+02 
 3.85749995E+00   6.59019889E+02   7.66376742E+01   0.00000000E+00   1.19016013E+00   1.45934260E+02 
 3.86249995E+00   4.25470971E+02   7.70601409E+01   0.00000000E+00   1.16980877E+00   1.45622827E+02 
 3.86749995E+00   2.74032176E+02   7.83120839E+01   0.00000000E+00   1.18552525E+00   1.32095730E+02 
 3.87249995E+00   3.82891104E+02   7.51758754E+01   0.00000000E+00   1.11456142E+00   1.24294797E+02 
 3.87749995E+00   5.02433528E+02   7.91301845E+01   0.00000000E+00   1.16733365E+00   1.25947459E+02 
 3.88249995E+00   3.16015161E+02   7.83022451E+01   0.00000000E+00   1.22731489E+00   1.27901358E+02 
 3.88749995E+00   1.47735214E+02   8.08197076E+01   0.00000000E+00   1.21660594E+00   1.38776411E+02 
 3.89249995E+00   3.78294944E+02   7.97562400E+01   0.00000000E+00   1.22606019E+00   1.38999894E+02 
 3.89749995E+00   6.31123584E+02   8.41841936E+01   0.00000000E+00   1.18698415E+00   1.45765342E+02 
 3.90249995E+00   7.05322355E+02   8.32784783E+01   0.00000000E+00   1.19775273E+00   1.56419593E+02 
 3.90749995E+00   6.53016963E+02   8.47842690E+01   0.00000000E+00   1.18885641E+00   1.59934808E+02 
 3.91249995E+00   4.42101066E+02   8.55943470E+01   0.00000000E+00   1.22209078E+00   1.59487447E+02 
 3.91749995E+00   5.12127922E+02   8.88307768E+01   0.00000000E+00   1.27413625E+00   1.59297669E+02 
 3.92249995E+00   6.07287188E+02   8.51361905E+01   0.00000000E+00   1.21394773E+00   1.62218794E+02 
 3.92749995E+00   4.93100006E+02   8.56259629E+01   0.00000000E+00   1.13895711E+00   1.60352764E+02 
 3.93249995E+00   3.96720759E+02   8.24854277E+01   0.00000000E+00   1.18256018E+00   1.60865227E+02 
 3.93749995E+00   4.97755882E+02   8.24373690E+01   0.00000000E+00   1.18986794E+00   1.61116906E+02 
 3.94249995E+00   6.03759085E+02   8.05274321E+01   0.00000000E+00   1.21648280E+00   1.54155771E+02 
 3.94749995E+00   4.76026191E+02   8.26569185E+01   0.00000000E+00   1.17475065E+00   1.48911186E+02 
 3.95249995E+00   4.41384413E+02   8.67768198E+01   0.00000000E+00   1.15918179E+00   1.43333993E+02 
 3.95749995E+00   2.41447412E+02   9.56521062E+01   0.00000000E+00   1.12763326E+00   1.45368342E+02 
 3.96249995E+00   3.28888370E+02   9.18709615E+01   0.00000000E+00   1.17821142E+00   1.47890660E+02 
 3.96749995E+00   4.65121284E+02   8.83014419E+01   0.00000000E+00   1.21429429E+00   1.41472082E+02 
 3.97249995E+00   2.60315836E+02   8.61094652E+01   0.00000000E+00   1.22751729E+00   1.46922663E+02 
 3.97749995E+00   3.16517664E+02   8.25579242E+01   0.00000000E+00   1.13870385E+00   1.49686312E+02 
 3.98249995E+00   2.92379500E+02   7.94341729E+01   0.00000000E+00   1.13646572E+00   1.50250077E+02 
 3.98749995E+00   3.91914609E+02   7.92519920E+01   0.00000000E+00   1.15748080E+00   1.32303444E+02 
 3.99249995E+00   4.15611885E+02   7.84323015E+01   0.00000000E+00   1.20960492E+00   1.31330211E+02 
 3.99749995E+00   2.80976071E+02   7.85265801E+01   0.00000000E+00   1.16845300E+00   1.30482415E+02 
 4.00249995E+00   4.16819385E+02   8.03299311E+01   0.00000000E+00   1.16967941E+00   1.15195368E+02 
 4.00749995E+00   6.86436177E+02   8.25084338E+01   0.00000000E+00   1.14779122E+00   1.19074736E+02 
 4.01249995E+00   6.28450429E+02   8.23371240E+01   0.00000000E+00   1.23909732E+00   1.27505738E+02 
 4.01749995E+00   3.57141853E+02   8.55512801E+01   0.00000000E+00   1.18981069E+00   1.27705097E+02 
 4.02249995E+00   3.67678391E+02   8.81667237E+01   0.00000000E+00   1.14580431E+00   1.21597896E+02 
 4.02749995E+00   1.85958184E+02   8.71576865E+01   0.00000000E+00   1.15875677E+00   1.30137694E+02 
 4.03249995E+00   3.19229016E+02   7.94790935E+01   0.00000000E+00   1.19469018E+00   1.31545843E+02 
 4.03749995E+00   5.96511108E+02   8.56425746E+01   0.00000000E+00   1.11440859E+00   1.37659528E+02 
 4.04249995E+00   5.96847019E+02   8.69712462E+01   0.00000000E+00   1.16735132E+00   1.37574848E+02 
 4.04749995E+00   5.22693510E+02   8.59956460E+01   0.00000000E+00   1.09088111E+00   1.39796862E+02 
 4.05249995E+00   3.74464965E+02   8.26068716E+01   0.00000000E+00   1.12489931E+00   1.40036671E+02 
 4.05749995E+00   5.02679848E+02   8.41582388E+01   0.00000000E+00   1.16536483E+00   1.36244687E+02 
 4.06249995E+00   4.05968133E+02   8.15503009E+01   0.00000000E+00   1.16204892E+00   1.34836202E+02 
 4.06749995E+00   4.59670104E+02   7.90949581E+01   0.00000000E+00   1.17630477E+00   1.35185988E+02 
 4.07249995E+00   7.01325210E+02   7.98723076E+01   0.00000000E+00   1.09267959E+00   1.43184520E+02 
 4.07749995E+00   5.13348512E+02   8.26915432E+01   0.00000000E+00   1.16237363E+00   1.41017087E+02 
 4.08249995E+00   4.34644033E+02   8.15690149E+01   0.00000000E+00   1.22374277E+00   1.36002972E+02 
 4.08749995E+00   6.14847512E+02   8.43858547E+01   0.00000000E+00   1.22166198E+00   1.39528889E+02 
 4.09249995E+00   4.26522028E+02   8.82103337E+01   0.00000000E+00   1.18331093E+00   1.39546571E+02 
 4.09749995E+00   2.80793483E+02   8.89174310E+01   0.00000000E+00   1.21108477E+00   1.38944228E+02 
 4.10249995E+00   2.16487027E+02   9.79510436E+01   0.00000000E+00   1.22017836E+00   1.49354485E+02 
 4.10749995E+00   3.26195058E+02   9.78719594E+01   0.00000000E+00   1.16164057E+00   1.42063447E+02 
 4.11249995E+00   5.78745817E+02   9.53136797E+01   0.00000000E+00   1.14341802E+00   1.39164441E+02 
 4.11749995E+00   5.25270942E+02   9.78407290E+01   0.00000000E+00   1.20759186E+00   1.39204513E+02 
 4.12249995E+00   5.15116509E+02   1.03379396E+02   0.00000000E+00   1.18708721E+00   1.38854946E+02 
 4.12749994E+00   5.59297529E+02   9.92025146E+01   0.00000000E+00   1.19087825E+00   1.24542504E+02 
 4.13249994E+00   6.14798736E+02   1.02559864E+02   0.00000000E+00   1.21348596E+00   1.22540797E+02 
 4.13749994E+00   7.55979897E+02   9.85075789E+01   0.00000000E+00   1.20683766E+00   1.34020499E+02 
 4.14249994E+00   9.20251607E+02   9.06904489E+01   0.00000000E+00   1.19105490E+00   1.61879527E+02 
 4.14749994E+00   7.43379405E+02   9.60796233E+01   0.00000000E+00   1.19249247E+00   1.69883019E+02 
 4.15249994E+00   5.45138778E+02   9.80013163E+01   0.00000000E+00   1.17547937E+00   1.66579576E+02 
 4.15749994E+00   5.28155271E+02   9.30517389E+01   0.00000000E+00   1.26278275E+00   1.66856729E+02 
 4.16249994E+00   3.02032040E+02   9.01527593E+01   0.00000000E+00   1.20684721E+00   1.72612769E+02 
 4.16749994E+00   3.73596568E+02   9.34391370E+01   0.00000000E+00   1.13970814E+00   1.75783625E+02 
 4.17249994E+00   4.31637262E+02   9.70029682E+01   0.00000000E+00   1.14441629E+00   1.71840657E+02 
 4.17749994E+00   4.24529445E+02   1.00865082E+02   0.00000000E+00   1.21723581E+00   1.73304954E+02 
 4.18249994E+00   3.60328199E+02   9.83123771E+01   0.00000000E+00   1.25867013E+00   1.76038465E+02 
 4.18749994E+00   1.34776145E+02   9.43505521E+01   0.00000000E+00   1.23931101E+00   1.91489536E+02 
 4.19249994E+00   4.24165524E+02   9.32043414E+01   0.00000000E+00   1.25407941E+00   1.91990523E+02 
 4.19749994E+00   5.62337045E+02   9.39000761E+01   0.00000000E+00   1.20138998E+00   1.87177534E+02 
 4.20249994E+00   2.70988302E+02   9.78451655E+01   0.00000000E+00   1.21517523E+00   1.83211619E+02 
 4.20749994E+00   1.27810999E+02   9.79038271E+01   0.00000000E+00   1.27933859E+00   1.97428442E+02 
 4.21249994E+00   1.27855157E+02   9.67565377E+01   0.00000000E+00   1.25448171E+00   2.11432032E+02 
 4.21749994E+00   1.83022336E+02   9.39000211E+01   0.00000000E+00   1.17556934E+00   2.20085573E+02 
 4.22249994E+00   2.84875968E+02   9.23844324E+01   0.00000000E+00   1.20937282E+00   2.22783746E+02 
 4.22749994E+00   2.95103907E+02   9.75410126E+01   0.00000000E+00   1.16597789E+00   2.23294443E+02 
 4.23249994E+00   2.73872415E+02   1.00947591E+02   0.00000000E+00   1.21681705E+00   2.21094620E+02 
 4.23749994E+00   1.89665863E+02   1.03625288E+02   0.00000000E+00   1.19272778E+00   2.09424444E+02 
 4.24249994E+00   5.22338806E+02   9.78378190E+01   0.00000000E+00   1.19685849E+00   1.68521204E+02 
 4.24749994E+00   7.27638150E+02   9.91404494E+01   0.00000000E+00   1.19977067E+00   1.64717243E+02 
 4.25249994E+00   2.00455464E+02   9.75232308E+01   0.00000000E+00   1.14341086E+00   1.61746444E+02 
 4.25749994E+00   2.31389366E+02   9.36202831E+01   0.00000000E+00   1.12010459E+00   1.56930992E+02 
 4.26249994E+00   5.36791183E+02   1.03675349E+02   0.00000000E+00   1.22377258E+00   1.63869804E+02 
 4.26749994E+00   7.85185701E+02   9.92247044E+01   0.00000000E+00   1.18457162E+00   1.91259683E+02 
 4.27249994E+00   8.02423097E+02   9.68611813E+01   0.00000000E+00   1.16482057E+00   2.14546672E+02 
 4.27749994E+00   3.72541924E+02   1.00278447E+02   0.00000000E+00   1.24870604E+00   2.14657272E+02 
 4.28249994E+00   5.26953150E+02   9.98906854E+01   0.00000000E+00   1.22176869E+00   2.17757497E+02 
 4.28749994E+00   4.88221983E+02   1.02269183E+02   0.00000000E+00   1.26150926E+00   2.11433860E+02 
 4.29249994E+00   4.40062253E+02   1.01063769E+02   0.00000000E+00   1.26107999E+00   2.11994302E+02 
 4.29749994E+00   5.70277645E+02   1.05476553E+02   0.00000000E+00   1.23836274E+00   2.12194185E+02 
 4.30249994E+00   3.95320557E+02   1.01138502E+02   0.00000000E+00   1.14452592E+00   2.10662919E+02 
 4.30749994E+00   3.86097105E+02   1.08265868E+02   0.00000000E+00   1.25860628E+00   2.00962740E+02 
 4.31249994E+00   4.67943243E+02   1.03828200E+02   0.00000000E+00   1.16391227E+00   1.89600685E+02 
 4.31749994E+00   5.87404146E+02   1.01277814E+02   0.00000000E+00   1.10156595E+00   1.82988126E+02 
 4.32249994E+00   4.04398612E+02   9.92510586E+01   0.00000000E+00   1.15188415E+00   1.79692015E+02 
 4.32749994E+00   2.02834276E+02   9.82445624E+01   0.00000000E+00   1.14550471E+00   1.85741147E+02 
 4.33249994E+00   5.09314570E+02   9.84682505E+01   0.00000000E+00   1.21118785E+00   1.81451154E+02 
 4.33749994E+00   5.06860693E+02   9.75967138E+01   0.00000000E+00   1.21483636E+00   1.69732142E+02 
 4.34249994E+00   2.88385870E+02   1.08647337E+02   0.00000000E+00   1.14313318E+00   1.75337615E+02 
 4.34749994E+00   3.58527386E+02   1.05941474E+02   0.00000000E+00   1.19748974E+00   1.65766974E+02 
 4.35249994E+00   4.55151232E+02   1.01708644E+02   0.00000000E+00   1.16003471E+00   1.55220943E+02 
 4.35749994E+00   4.17690365E+02   9.53967676E+01   0.00000000E+00   1.18050407E+00   1.46319001E+02 
 4.36249994E+00   2.10474687E+02   9.98699936E+01   0.00000000E+00   1.22505083E+00   1.57242565E+02 
 4.36749994E+00   1.38429399E+02   9.84466759E+01   0.00000000E+00   1.14914384E+00   1.52016979E+02 
 4.37249994E+00   2.15077447E+02   1.03717472E+02   0.00000000E+00   1.12884227E+00   1.29383575E+02 
 4.37749994E+00   4.03547610E+02   1.05734976E+02   0.00000000E+00   1.17963877E+00   1.29590601E+02 
 4.38249994E+00   4.44455562E+02   1.01387170E+02   0.00000000E+00   1.24042590E+00   1.26279923E+02 
 4.38749994E+00   7.57805636E+02   1.05801531E+02   0.00000000E+00   1.28016725E+00   1.47072349E+02 
 4.39249994E+00   7.55731425E+02   1.03811264E+02   0.00000000E+00   1.28413181E+00   1.64888378E+02 
 4.39749994E+00   8.75287190E+02   1.10455438E+02   0.00000000E+00   1.29830887E+00   1.88798488E+02 
 4.40249994E+00   8.54403265E+02   1.07728043E+02   0.00000000E+00   1.30104091E+00   2.08640047E+02 
 4.40749994E+00   8.96169967E+02   1.12907173E+02   0.00000000E+00   1.20470854E+00   2.27874355E+02 
 4.41249994E+00   1.17076868E+03   1.13287023E+02   0.00000000E+00   1.16759327E+00   2.71523508E+02 
 4.41749994E+00   9.98453333E+02   1.09310407E+02   0.00000000E+00   1.18600522E+00   2.90266844E+02 
 4.42249994E+00   8.17881951E+02   1.11576604E+02   0.00000000E+00   1.20344246E+00   2.94778234E+02 
 4.42749994E+00   8.88421496E+02   1.09050560E+02   0.00000000E+00   1.20152342E+00   2.90638027E+02 
 4.43249994E+00   5.36442146E+02   1.07916781E+02   0.00000000E+00   1.22059809E+00   2.91221095E+02 
 4.43749994E+00   8.32697173E+02   1.10113060E+02   0.00000000E+00   1.29924008E+00   2.95110828E+02 
 4.44249994E+00   1.05507514E+03   1.08830908E+02   0.00000000E+00   1.19539736E+00   2.99759999E+02 
 4.44749994E+00   9.03622768E+02   1.09138873E+02   0.00000000E+00   1.22232259E+00   2.96785306E+02 
 4.45249994E+00   9.25673020E+02   1.09430605E+02   0.00000000E+00   1.19131776E+00   2.97031595E+02 
 4.45749994E+00   2.19491485E+02   1.10743559E+02   0.00000000E+00   1.24204710E+00   3.11420881E+02 
 4.46249994E+00   2.00287814E+02   1.13238269E+02   0.00000000E+00   1.26226907E+00   3.13664951E+02 
 4.46749994E+00   2.97138577E+02   1.12765151E+02   0.00000000E+00   1.19847849E+00   3.02153200E+02 
 4.47249994E+00   5.72369609E+02   1.13866459E+02   0.00000000E+00   1.19419415E+00   2.83279264E+02 
 4.47749994E+00   7.05896552E+02   1.19445565E+02   0.00000000E+00   1.18645646E+00   2.74680392E+02 
 4.48249994E+00   2.17110682E+02   1.28270366E+02   0.00000000E+00   1.05728850E+00   2.93099320E+02 
 4.48749994E+00   4.85215141E+02   1.33934764E+02   0.00000000E+00   1.20532154E+00   2.98816782E+02 
 4.49249994E+00   5.62115400E+02   1.35366956E+02   0.00000000E+00   1.18014143E+00   3.01323341E+02 
 4.49749994E+00   9.37419353E+02   1.28194846E+02   0.00000000E+00   1.16816356E+00   3.02695964E+02 
 4.50249994E+00   6.68235953E+02   1.31389563E+02   0.00000000E+00   1.22984042E+00   3.00985528E+02 
 4.50749994E+00   4.67878435E+02   1.30529797E+02   0.00000000E+00   1.23017048E+00   3.01581064E+02 
 4.51249994E+00   5.62646201E+02   1.41498578E+02   0.00000000E+00   1.19280212E+00   2.77205894E+02 
 4.51749994E+00   5.05841053E+02   1.24002846E+02   0.00000000E+00   1.26048262E+00   2.65009250E+02 
 4.52249994E+00   5.37676832E+02   1.27285617E+02   0.00000000E+00   1.15696303E+00   2.61336047E+02 
 4.52749994E+00   4.22155475E+02   1.19756535E+02   0.00000000E+00   1.11735990E+00   2.55164461E+02 
 4.53249994E+00   5.24117850E+02   1.18683789E+02   0.00000000E+00   1.12537852E+00   2.56132125E+02 
 4.53749994E+00   2.51018700E+02   1.20408225E+02   0.00000000E+00   1.20030531E+00   2.58970654E+02 
 4.54249994E+00   3.66879141E+02   1.21483682E+02   0.00000000E+00   1.23719069E+00   2.31219244E+02 
 4.54749994E+00   1.03433826E+03   1.23173138E+02   0.00000000E+00   1.29190966E+00   2.40100196E+02 
 4.55249994E+00   1.01252414E+03   1.24401804E+02   0.00000000E+00   1.19656976E+00   2.44494319E+02 
 4.55749994E+00   2.92403064E+02   1.20017158E+02   0.00000000E+00   1.20969673E+00   2.41624790E+02 
 4.56249994E+00   1.42659244E+02   1.24239925E+02   0.00000000E+00   1.36705823E+00   2.47416056E+02 
 4.56749994E+00   4.41016905E+02   1.26660564E+02   0.00000000E+00   1.34199780E+00   2.43624625E+02 
 4.57249994E+00   1.09004264E+03   1.28322142E+02   0.00000000E+00   1.35709958E+00   2.70971933E+02 
 4.57749993E+00   6.74146562E+02   1.29867293E+02   0.00000000E+00   1.21688918E+00   2.69898279E+02 
 4.58249993E+00   3.54462421E+02   1.32134429E+02   0.00000000E+00   1.24091998E+00   2.63913974E+02 
 4.58749993E+00   4.10993919E+02   1.28796946E+02   0.00000000E+00   1.24775619E+00   2.66736349E+02 
 4.59249993E+00   1.12107156E+01   1.24153785E+02   0.00000000E+00   1.19434955E+00   2.94491355E+02 
 4.59749993E+00  -1.56053606E+02   1.22193034E+02   0.00000000E+00   1.28785689E+00   3.15454604E+02 
 4.60249993E+00   2.53509088E+02   1.26252222E+02   0.00000000E+00   1.30180619E+00   3.16584843E+02 
 4.60749993E+00   3.03652668E+02   1.28589210E+02   0.00000000E+00   1.31622399E+00   3.19395525E+02 
 4.61249993E+00   4.72250476E+02   1.29675895E+02   0.00000000E+00   1.19755049E+00   3.18784403E+02 
 4.61749993E+00   6.03530984E+02   1.28359475E+02   0.00000000E+00   1.16327387E+00   3.20628633E+02 
 4.62249993E+00   4.58961449E+02   1.23347290E+02   0.00000000E+00   1.25286893E+00   3.20497266E+02 
 4.62749993E+00   4.47156190E+02   1.28401455E+02   0.00000000E+00   1.20702355E+00   3.21188179E+02 
 4.63249993E+00   3.92837521E+02   1.28270458E+02   0.00000000E+00   1.22758024E+00   3.21554278E+02 
 4.63749993E+00   4.02586250E+02   1.25171342E+02   0.00000000E+00   1.25019179E+00   3.19609980E+02 
 4.64249993E+00   3.45342547E+02   1.24873445E+02   0.00000000E+00   1.21427429E+00   3.20947496E+02 
 4.64749993E+00   3.24465186E+02   1.30061620E+02   0.00000000E+00   1.21310042E+00   2.89230193E+02 
 4.65249993E+00   6.76301470E+02   1.27914150E+02   0.00000000E+00   1.17709778E+00   2.57969870E+02 
 4.65749993E+00   7.92380060E+02   1.29452934E+02   0.00000000E+00   1.19120939E+00   2.70433402E+02 
 4.66249993E+00   6.96272991E+02   1.33494497E+02   0.00000000E+00   1.16931789E+00   2.68771930E+02 
 4.66749993E+00   7.41040869E+02   1.26131364E+02   0.00000000E+00   1.22459365E+00   2.76126867E+02 
 4.67249993E+00   4.98731121E+02   1.24128095E+02   0.00000000E+00   1.16435301E+00   2.31049240E+02 
 4.67749993E+00   3.33513760E+02   1.27049504E+02   0.00000000E+00   1.17753626E+00   2.24600405E+02 
 4.68249993E+00   2.24180769E+02   1.30770263E+02   0.00000000E+00   1.12012792E+00   2.29232009E+02 
 4.68749993E+00   3.28830663E+02   1.26347582E+02   0.00000000E+00   1.11891796E+00   2.30589407E+02 
 4.69249993E+00   5.31466355E+02   1.22828909E+02   0.00000000E+00   1.15980540E+00   2.12888295E+02 
 4.69749993E+00   5.73263614E+02   1.31105582E+02   0.00000000E+00   1.18844357E+00   1.63763592E+02 
 4.70249993E+00   9.46628602E+02   1.38925886E+02   0.00000000E+00   1.24399409E+00   1.85160114E+02 
 4.70749993E+00   6.36454689E+02   1.28775156E+02   0.00000000E+00   1.23228048E+00   1.81557081E+02 
 4.71249993E+00   3.25212288E+02   1.28694662E+02   0.00000000E+00   1.27073396E+00   1.87481662E+02 
 4.71749993E+00   4.52471657E+02   1.26271334E+02   0.00000000E+00   1.21163305E+00   1.86883195E+02 
 4.72249993E+00   9.09827183E+02   1.30299485E+02   0.00000000E+00   1.27140129E+00   2.05375700E+02 
 4.72749993E+00   9.64931257E+02   1.34724534E+02   0.00000000E+00   1.26695858E+00   2.24593246E+02 
 4.73249993E+00   1.01804311E+03   1.36289404E+02   0.00000000E+00   1.21085613E+00   2.42251040E+02 
 4.73749993E+00   1.16266673E+03   1.46956224E+02   0.00000000E+00   1.22592396E+00   2.68114987E+02 
 4.74249993E+00   1.04833820E+03   1.38330734E+02   0.00000000E+00   1.18770421E+00   2.75112132E+02 
 4.74749993E+00   7.89031783E+02   1.37181172E+02   0.00000000E+00   1.26049122E+00   2.65824494E+02 
 4.75249993E+00   5.26941243E+02   1.36468360E+02   0.00000000E+00   1.25860710E+00   2.68926805E+02 
 4.75749993E+00   7.30320487E+02   1.36466698E+02   0.00000000E+00   1.18026890E+00   2.67791999E+02 
 4.76249993E+00   7.08130864E+02   1.41393333E+02   0.00000000E+00   1.22282943E+00   2.68231081E+02 
 4.76749993E+00   9.33297972E+02   1.35688035E+02   0.00000000E+00   1.27038138E+00   2.73579698E+02 
 4.77249993E+00   7.78649679E+02   1.39173927E+02   0.00000000E+00   1.24512111E+00   2.71712139E+02 
 4.77749993E+00   4.34829454E+02   1.35516378E+02   0.00000000E+00   1.22652484E+00   2.67189662E+02 
 4.78249993E+00   3.96746223E+02   1.33899005E+02   0.00000000E+00   1.20698743E+00   2.55228405E+02 
 4.78749993E+00   3.47132134E+02   1.38940685E+02   0.00000000E+00   1.24634608E+00   2.55486593E+02 
 4.79249993E+00   4.29731329E+02   1.44055773E+02   0.00000000E+00   1.25276990E+00   2.61591213E+02 
 4.79749993E+00   3.64235610E+02   1.42080833E+02   0.00000000E+00   1.29369354E+00   2.72386803E+02 
 4.80249993E+00   4.64448100E+02   1.45192784E+02   0.00000000E+00   1.12802635E+00   2.70311065E+02 
 4.80749993E+00   6.90890743E+02   1.45733983E+02   0.00000000E+00   1.19461158E+00   2.70821875E+02 
 4.81249993E+00   5.08461416E+02   1.44869221E+02   0.00000000E+00   1.21928179E+00   2.62754615E+02 
 4.81749993E+00   6.95967996E+02   1.48583860E+02   0.00000000E+00   1.19345154E+00   2.58051991E+02 
 4.82249993E+00   2.70969653E+02   1.46061535E+02   0.00000000E+00   1.27757736E+00   2.69487307E+02 
 4.82749993E+00   7.69409801E+02   1.51208359E+02   0.00000000E+00   1.32812309E+00   2.60603632E+02 
 4.83249993E+00   1.08443853E+03   1.51230519E+02   0.00000000E+00   1.14984310E+00   2.63160989E+02 
 4.83749993E+00   2.38882676E+02   1.42523778E+02   0.00000000E+00   1.23037264E+00   2.48886165E+02 
 4.84249993E+00   1.68382081E+02   1.47959215E+02   0.00000000E+00   1.19967893E+00   2.43868989E+02 
 4.84749993E+00   1.57477300E+02   1.40991647E+02   0.00000000E+00   1.26175259E+00   2.53971353E+02 
 4.85249993E+00   3.54321472E+02   1.43471623E+02   0.00000000E+00   1.17765188E+00   2.57838371E+02 
 4.85749993E+00   2.13687269E+02   1.40891546E+02   0.00000000E+00   1.20725971E+00   2.62233259E+02 
 4.86249993E+00   3.28892530E+02   1.35677904E+02   0.00000000E+00   1.33033355E+00   2.60325736E+02 
 4.86749993E+00   7.51852563E+02   1.50089760E+02   0.00000000E+00   1.27364419E+00   2.44964609E+02 
 4.87249993E+00   4.08399057E+02   1.52612091E+02   0.00000000E+00   1.13909623E+00   2.34109513E+02 
 4.87749993E+00   5.78594638E+01   1.61198727E+02   0.00000000E+00   1.16205656E+00   2.50416819E+02 
 4.88249993E+00   5.22808135E+02   1.56102882E+02   0.00000000E+00   1.16100343E+00   2.51415493E+02 
 4.88749993E+00   4.88990246E+02   1.42814925E+02   0.00000000E+00   1.19482492E+00   2.51147264E+02 
 4.89249993E+00   3.31160950E+02   1.45367713E+02   0.00000000E+00   1.17673096E+00   2.53298740E+02 
 4.89749993E+00   4.94137435E+02   1.44227295E+02   0.00000000E+00   1.16792027E+00   2.53292824E+02 
 4.90249993E+00   1.06021444E+03   1.52549259E+02   0.00000000E+00   1.19004144E+00   2.56914196E+02 
 4.90749993E+00   1.77586460E+03   1.65268864E+02   0.00000000E+00   1.22613932E+00   2.62836644E+02 
 4.91249993E+00   5.01983882E+03   1.59221165E+02   0.00000000E+00   1.28513390E+00   2.62766120E+02 
 4.91749993E+00   9.68697690E+03   1.76500949E+02   0.00000000E+00   1.24940782E+00   2.70215822E+02 
 4.92249993E+00   1.28483641E+04   1.88427917E+02   0.00000000E+00   1.12685979E+00   3.07378373E+02 
 4.92749993E+00   1.10849396E+04   1.76147022E+02   0.00000000E+00   1.15041664E+00   3.00241670E+02 
 4.93249993E+00   6.75386958E+03   1.70251032E+02   0.00000000E+00   1.23781591E+00   2.80321358E+02 
 4.93749993E+00   3.93087385E+03   1.66991859E+02   0.00000000E+00   1.22989794E+00   3.00102840E+02 
 4.94249993E+00   2.34847436E+03   1.58729208E+02   0.00000000E+00   1.18835223E+00   3.62803090E+02 
 4.94749993E+00   1.24072808E+03   1.55058277E+02   0.00000000E+00   1.28167512E+00   3.72598347E+02 
 4.95249993E+00   4.69026543E+02   1.57158237E+02   0.00000000E+00   1.29429957E+00   3.72552576E+02 
 4.95749993E+00   7.16171420E+02   1.59733097E+02   0.00000000E+00   1.26870339E+00   3.66940507E+02 
 4.96249993E+00   6.83525094E+02   1.69477238E+02   0.00000000E+00   1.17111989E+00   3.64356696E+02 
 4.96749993E+00   5.37783996E+02   1.72158435E+02   0.00000000E+00   1.27805650E+00   3.62677527E+02 
 4.97249993E+00   8.61675809E+02   1.70539307E+02   0.00000000E+00   1.29589885E+00   3.64911399E+02 
 4.97749993E+00   1.13869598E+03   1.81882249E+02   0.00000000E+00   1.30100877E+00   3.58173700E+02 
 4.98249993E+00   1.05978506E+03   1.69142572E+02   0.00000000E+00   1.30699697E+00   3.64702091E+02 
 4.98749993E+00   7.88499117E+01   1.69934398E+02   0.00000000E+00   1.32499066E+00   3.95474370E+02 
 4.99249993E+00  -5.66700801E+01   1.82234391E+02   0.00000000E+00   1.27720868E+00   4.31698848E+02 
 4.99749993E+00   7.27043223E+02   1.75348662E+02   0.00000000E+00   1.23341806E+00   4.31046421E+02 
 5.00249993E+00   7.84587044E+02   1.76063114E+02   0.00000000E+00   1.19345003E+00   4.31734070E+02 
 5.00749993E+00   8.35986847E+02   1.76036469E+02   0.00000000E+00   1.16339583E+00   4.16260797E+02 
 5.01249993E+00   7.03471797E+02   1.83551715E+02   0.00000000E+00   1.19884386E+00   4.13318198E+02 
 5.01749993E+00   5.19077502E+02   1.66256464E+02   0.00000000E+00   1.28534902E+00   4.12367020E+02 
 5.02249992E+00   4.36083364E+02   1.68298960E+02   0.00000000E+00   1.27737796E+00   3.95165450E+02 
 5.02749992E+00   1.01941501E+03   1.67392103E+02   0.00000000E+00   1.22205645E+00   3.94822204E+02 
 5.03249992E+00   6.24577592E+02   1.67425725E+02   0.00000000E+00   1.24659143E+00   3.63703859E+02 
 5.03749992E+00   8.19837378E+02   1.71592193E+02   0.00000000E+00   1.19397558E+00   3.59324876E+02 
 5.04249992E+00   1.66825938E+03   1.69777772E+02   0.00000000E+00   1.21931077E+00   3.56536437E+02 
 5.04749992E+00   1.77380782E+03   1.77711043E+02   0.00000000E+00   1.22426656E+00   3.98357929E+02 
 5.05249992E+00   6.87084400E+02   1.63223219E+02   0.00000000E+00   1.23351662E+00   3.97630133E+02 
 5.05749992E+00   1.01705783E+03   1.68945374E+02   0.00000000E+00   1.25230183E+00   3.99412125E+02 
 5.06249992E+00   7.74517754E+02   1.84514975E+02   0.00000000E+00   1.18190346E+00   4.00775442E+02 
 5.06749992E+00   5.45031614E+02   1.73829138E+02   0.00000000E+00   1.16084258E+00   4.05116270E+02 
 5.07249992E+00   7.04265774E+02   1.70674662E+02   0.00000000E+00   1.20391425E+00   4.05841187E+02 
 5.07749992E+00   9.48220718E+02   1.70968098E+02   0.00000000E+00   1.19044347E+00   3.97356621E+02 
 5.08249992E+00   7.78591506E+02   1.69374614E+02   0.00000000E+00   1.31122228E+00   3.91277280E+02 
 5.08749992E+00   5.84445111E+02   1.64924526E+02   0.00000000E+00   1.14886140E+00   3.59786417E+02 
 5.09249992E+00   3.79281839E+02   1.71478798E+02   0.00000000E+00   1.28254574E+00   3.10324189E+02 
 5.09749992E+00   1.86652619E+02   1.69250499E+02   0.00000000E+00   1.17984087E+00   3.33451746E+02 
 5.10249992E+00  -5.74545623E+01   1.74921870E+02   0.00000000E+00   1.25541037E+00   3.73264621E+02 
 5.10749992E+00   2.99620429E+02   1.73092565E+02   0.00000000E+00   1.28296779E+00   3.81654520E+02 
 5.11249992E+00   4.77487758E+02   1.80742412E+02   0.00000000E+00   1.22996842E+00   3.83494935E+02 
 5.11749992E+00   1.11089723E+03   1.85376309E+02   0.00000000E+00   1.20097081E+00   3.99144533E+02 
 5.12249992E+00   6.83080010E+02   1.78626295E+02   0.00000000E+00   1.21463924E+00   4.00403002E+02 
 5.12749992E+00   3.41775709E+02   1.75581987E+02   0.00000000E+00   1.24208817E+00   3.99536358E+02 
 5.13249992E+00   7.15438341E+02   1.90397218E+02   0.00000000E+00   1.21642770E+00   3.98736818E+02 
 5.13749992E+00   6.23452725E+02   1.87981936E+02   0.00000000E+00   1.20593709E+00   3.99677576E+02 
 5.14249992E+00   5.41220070E+02   1.85683842E+02   0.00000000E+00   1.14469842E+00   3.50999241E+02 
 5.14749992E+00   9.31858467E+00   1.83432802E+02   0.00000000E+00   1.17795439E+00   2.83265025E+02 
 5.15249992E+00   8.14104012E+02   1.90315671E+02   0.00000000E+00   1.23883707E+00   2.96355434E+02 
 5.15749992E+00   5.76054693E+02   2.02770640E+02   0.00000000E+00   1.22817064E+00   2.91650267E+02 
 5.16249992E+00   5.83301881E+02   1.97787560E+02   0.00000000E+00   1.17347873E+00   2.94219188E+02 
 5.16749992E+00   1.40850286E+03   1.98179054E+02   0.00000000E+00   1.23664033E+00   3.62191499E+02 
 5.17249992E+00   5.43424184E+02   2.08735968E+02   0.00000000E+00   1.20264724E+00   3.63086534E+02 
 5.17749992E+00  -2.30890574E+02   1.97091346E+02   0.00000000E+00   1.19461074E+00   3.90202264E+02 
 5.18249992E+00   8.41151466E+02   2.02277809E+02   0.00000000E+00   1.21243528E+00   4.01085513E+02 
 5.18749992E+00   7.31716134E+02   2.02112949E+02   0.00000000E+00   1.21549979E+00   4.06693249E+02 
 5.19249992E+00   7.38038975E+02   2.01510296E+02   0.00000000E+00   1.23598398E+00   4.06600541E+02 
 5.19749992E+00   7.39466901E+02   1.98582284E+02   0.00000000E+00   1.30418318E+00   3.94644510E+02 
 5.20249992E+00   7.38896864E+02   2.10988976E+02   0.00000000E+00   1.26230649E+00   3.56257927E+02 
 5.20749992E+00   1.93411093E+02   2.30673009E+02   0.00000000E+00   1.23838796E+00   3.52585489E+02 
 5.21249992E+00  -5.83242686E+01   2.03050066E+02   0.00000000E+00   1.17839103E+00   3.74097541E+02 
 5.21749992E+00   3.29435130E+02   1.96220479E+02   0.00000000E+00   1.18052007E+00   3.61428185E+02 
 5.22249992E+00  -1.83302118E+02   2.00727931E+02   0.00000000E+00   1.24241273E+00   3.89627042E+02 
 5.22749992E+00   5.68905238E+02   2.12047266E+02   0.00000000E+00   1.13469452E+00   3.87275522E+02 
 5.23249992E+00   9.01054194E+02   2.06428524E+02   0.00000000E+00   1.16868415E+00   3.99128648E+02 
 5.23749992E+00   3.87913412E+02   2.02869644E+02   0.00000000E+00   1.11433149E+00   4.00093713E+02 
 5.24249992E+00  -1.96932974E+02   2.00898511E+02   0.00000000E+00   1.11366366E+00   4.25124894E+02 
 5.24749992E+00   4.47511468E+02   1.99849530E+02   0.00000000E+00   1.16494024E+00   4.07538970E+02 
 5.25249992E+00   5.34093712E+02   2.04989298E+02   0.00000000E+00   1.12847277E+00   4.04105278E+02 
 5.25749992E+00  -4.57205503E+02   2.05079053E+02   0.00000000E+00   1.10329280E+00   4.47588551E+02 
 5.26249992E+00  -7.54482465E+02   2.05501902E+02   0.00000000E+00   1.28533437E+00   5.09804679E+02 
 5.26749992E+00   5.23166246E+02   2.13768312E+02   0.00000000E+00   1.14588275E+00   4.56711538E+02 
 5.27249992E+00   1.61897224E+03   2.18944711E+02   0.00000000E+00   1.09660814E+00   5.45425423E+02 
 5.27749992E+00   1.16147508E+03   2.14018495E+02   0.00000000E+00   1.05575479E+00   5.53403403E+02 
 5.28249992E+00   5.54183085E+02              NAN   0.00000000E+00   1.02389913E+00   5.54452509E+02 
 5.28749992E+00   8.12040130E+02   2.50513314E+02   0.00000000E+00   1.14125397E+00   5.58394534E+02 
 5.29249992E+00   5.82343786E+02   3.51440076E+02   0.00000000E+00   1.21413834E+00   5.58746781E+02 
 5.29749992E+00   7.98059699E+02   5.95079194E+02   0.00000000E+00   1.39801938E+00   5.65326087E+02 
 5.30249992E+00   0.00000000E+00   0.00000000E+00   0.00000000E+00              NAN   5.66393747E+02 
