  9.100000E+01  1.035E-05
  9.400000E+01  1.097E-05
  9.600000E+01  1.126E-05
  9.800000E+01  1.316E-05
  1.000000E+02  1.676E-05
  1.020000E+02  1.701E-05
  1.040000E+02  1.709E-05
  1.060000E+02  1.725E-05
  1.080000E+02  1.738E-05
  1.100000E+02  1.788E-05
  1.140000E+02  1.810E-05
  1.180000E+02  1.818E-05
  1.210000E+02  2.001E-05
  1.250000E+02  2.021E-05
  1.270000E+02  2.038E-05
  1.280000E+02  2.045E-05
  1.310000E+02  2.049E-05
  1.320000E+02  2.075E-05
  1.340000E+02  2.063E-05
  1.370000E+02  2.108E-05
  1.400000E+02  2.111E-05
  1.430000E+02  2.263E-05
  1.470000E+02  2.400E-05
  1.510000E+02  2.323E-05
  1.550000E+02  2.432E-05
  1.590000E+02  2.448E-05
  1.620000E+02  2.459E-05
  1.660000E+02  2.478E-05
  1.700000E+02  2.493E-05
  1.730000E+02  2.454E-05
  1.770000E+02  2.522E-05
  1.800000E+02  2.533E-05
  1.820000E+02  2.542E-05
  1.860000E+02  2.556E-05
  1.910000E+02  2.569E-05
  1.940000E+02  2.583E-05
  1.980000E+02  2.598E-05
  2.020000E+02  2.611E-05
  2.050000E+02  2.621E-05
  2.100000E+02  2.592E-05
  2.160000E+02  2.654E-05
  2.200000E+02  2.670E-05
  2.230000E+02  2.670E-05
  2.270000E+02  2.692E-05
  2.300000E+02  3.436E-05
  2.340000E+02  7.758E-05
  2.400000E+02  2.393E-04
  2.460000E+02  2.345E-04
  2.520000E+02  2.549E-04
  2.570000E+02  1.071E-04
  2.600000E+02  2.528E-04
  2.640000E+02  3.188E-04
  2.690000E+02  3.248E-04
  2.740000E+02  3.214E-04
  2.790000E+02  3.111E-04
  2.840000E+02  3.197E-04
  2.900000E+02  3.020E-04
  2.960000E+02  2.785E-04
  3.010000E+02  1.662E-04
  3.080000E+02  2.234E-04
  3.180000E+02  3.215E-04
  3.280000E+02  3.236E-04
  3.380000E+02  3.179E-04
  3.480000E+02  3.100E-04
  3.570000E+02  3.174E-04
  3.660000E+02  3.335E-04
  3.750000E+02  3.250E-04
  3.850000E+02  3.040E-04
  3.950000E+02  3.172E-04
  4.050000E+02  3.221E-04
  4.140000E+02  3.155E-04
  4.220000E+02  3.042E-04
  4.300000E+02  2.931E-04
  4.410000E+02  2.962E-04
  4.510000E+02  2.918E-04
  4.600000E+02  2.784E-04
  4.700000E+02  2.723E-04
  4.800000E+02  2.734E-04
  4.900000E+02  2.575E-04
  5.000000E+02  2.635E-04
  5.060000E+02  2.701E-04
  5.120000E+02  3.525E-04
  5.200000E+02  3.380E-04
  5.300000E+02  3.201E-04
  5.400000E+02  2.944E-04
  5.500000E+02  2.893E-04
  5.600000E+02  3.177E-04
  5.700000E+02  3.198E-04
  5.800000E+02  3.062E-04
  5.900000E+02  3.059E-04
  6.000000E+02  2.834E-04
  6.100000E+02  2.584E-04
  6.200000E+02  3.010E-04
  6.300000E+02  2.907E-04
  6.400000E+02  2.928E-04
  6.500000E+02  2.842E-04
  6.580000E+02  2.720E-04
  6.650000E+02  2.803E-04
  6.750000E+02  2.822E-04
  6.850000E+02  2.605E-04
  6.950000E+02  2.722E-04
  7.050000E+02  2.472E-04
  7.160000E+02  2.683E-04
  7.260000E+02  2.645E-04
  7.350000E+02  2.624E-04
  7.450000E+02  2.547E-04
  7.550000E+02  2.502E-04
  7.650000E+02  2.290E-04
  7.750000E+02  2.427E-04
  7.850000E+02  2.358E-04
  7.950000E+02  2.361E-04
  8.050000E+02  2.334E-04
  8.150000E+02  2.313E-04
  8.250000E+02  2.298E-04
  8.350000E+02  2.018E-04
  8.450000E+02  2.219E-04
  8.550000E+02  2.175E-04
  8.650000E+02  2.176E-04
  8.750000E+02  2.150E-04
  8.850000E+02  2.122E-04
  8.950000E+02  2.098E-04
  9.050000E+02  2.050E-04
  9.150000E+02  2.044E-04
  9.250000E+02  4.302E-04
  9.350000E+02  6.408E-04
  9.450000E+02  8.742E-04
  9.550000E+02  9.890E-04
  9.650000E+02  1.109E-03
  9.750000E+02  5.582E-04
  9.850000E+02  1.048E-03
  9.950000E+02  9.817E-04
  1.005000E+03  1.087E-03
  1.015000E+03  1.032E-03
  1.025000E+03  6.236E-04
  1.035000E+03  9.133E-04
  1.045000E+03  1.150E-03
  1.055000E+03  1.124E-03
  1.065000E+03  1.009E-03
  1.075000E+03  1.060E-03
  1.085000E+03  9.290E-04
  1.095000E+03  1.045E-03
  1.105000E+03  9.966E-04
  1.115000E+03  9.759E-04
  1.125000E+03  8.986E-04
  1.135000E+03  9.669E-04
  1.145000E+03  9.121E-04
  1.155000E+03  9.087E-04
  1.165000E+03  9.024E-04
  1.175000E+03  7.245E-04
  1.185000E+03  8.454E-04
  1.195000E+03  7.450E-04
  1.205000E+03  6.521E-04
  1.215000E+03  4.222E-04
  1.225000E+03  6.552E-04
  1.235000E+03  7.661E-04
  1.245000E+03  7.861E-04
  1.255000E+03  7.701E-04
  1.265000E+03  7.314E-04
  1.275000E+03  7.762E-04
  1.285000E+03  7.745E-04
  1.295000E+03  7.076E-04
  1.305000E+03  6.981E-04
  1.315000E+03  7.388E-04
  1.325000E+03  7.112E-04
  1.335000E+03  6.768E-04
  1.345000E+03  6.989E-04
  1.355000E+03  6.816E-04
  1.365000E+03  6.477E-04
  1.375000E+03  6.423E-04
  1.385000E+03  6.378E-04
  1.395000E+03  5.556E-04
  1.405000E+03  5.450E-04
  1.415000E+03  5.971E-04
  1.425000E+03  5.774E-04
  1.435000E+03  5.803E-04
  1.442000E+03  5.835E-04
  1.447000E+03  5.789E-04
  1.455000E+03  5.646E-04
  1.465000E+03  5.451E-04
  1.475000E+03  5.371E-04
  1.485000E+03  5.319E-04
  1.495000E+03  5.233E-04
  1.505000E+03  5.063E-04
  1.512000E+03  4.813E-04
  1.517000E+03  4.883E-04
  1.525000E+03  4.800E-04
  1.535000E+03  4.402E-04
  1.545000E+03  4.241E-04
  1.555000E+03  4.129E-04
  1.565000E+03  4.274E-04
  1.575000E+03  4.381E-04
  1.585000E+03  4.385E-04
  1.595000E+03  4.378E-04
  1.605000E+03  4.201E-04
  1.615000E+03  4.127E-04
  1.625000E+03  4.044E-04
  1.635000E+03  4.084E-04
  1.645000E+03  4.008E-04
  1.655000E+03  3.938E-04
  1.665000E+03  4.003E-04
  1.672000E+03  3.800E-04
  1.677000E+03  3.996E-04
  1.685000E+03  3.964E-04
  1.695000E+03  3.833E-04
  1.705000E+03  3.719E-04
  1.715000E+03  3.590E-04
  1.725000E+03  3.524E-04
  1.735000E+03  3.598E-04
  1.745000E+03  3.512E-04
  1.755000E+03  3.534E-04
  1.765000E+03  3.388E-04
  1.775000E+03  3.377E-04
  1.785000E+03  3.367E-04
  1.795000E+03  3.374E-04
  1.805000E+03  3.344E-04
  1.815000E+03  3.203E-04
  1.825000E+03  3.197E-04
  1.835000E+03  3.129E-04
  1.845000E+03  2.967E-04
  1.855000E+03  2.933E-04
  1.865000E+03  2.939E-04
  1.875000E+03  2.984E-04
  1.885000E+03  2.819E-04
  1.895000E+03  2.719E-04
  1.905000E+03  2.801E-04
  1.915000E+03  2.705E-04
  1.925000E+03  2.626E-04
  1.935000E+03  2.677E-04
  1.945000E+03  2.704E-04
  1.955000E+03  2.552E-04
  1.967000E+03  2.632E-04
  1.976000E+03  2.662E-04
  1.984000E+03  2.557E-04
  1.995000E+03  2.488E-04
  2.005000E+03  2.503E-04
  2.015000E+03  2.465E-04
  2.025000E+03  2.490E-04
  2.035000E+03  2.390E-04
  2.045000E+03  2.384E-04
  2.055000E+03  2.179E-04
  2.065000E+03  2.241E-04
  2.074000E+03  2.362E-04
  2.078000E+03  2.284E-04
  2.085000E+03  2.302E-04
  2.095000E+03  2.220E-04
  2.105000E+03  2.234E-04
  2.115000E+03  2.223E-04
  2.125000E+03  2.219E-04
  2.135000E+03  2.157E-04
  2.145000E+03  2.127E-04
  2.155000E+03  2.143E-04
  2.165000E+03  2.089E-04
  2.175000E+03  2.070E-04
  2.185000E+03  2.033E-04
  2.195000E+03  2.052E-04
  2.205000E+03  2.008E-04
  2.215000E+03  1.957E-04
  2.225000E+03  1.918E-04
  2.235000E+03  1.936E-04
  2.245000E+03  1.896E-04
  2.255000E+03  1.850E-04
  2.265000E+03  1.850E-04
  2.275000E+03  1.846E-04
  2.285000E+03  1.836E-04
  2.295000E+03  1.770E-04
  2.305000E+03  1.762E-04
  2.315000E+03  1.731E-04
  2.325000E+03  1.566E-04
  2.335000E+03  1.669E-04
  2.345000E+03  1.635E-04
  2.355000E+03  1.649E-04
  2.365000E+03  1.601E-04
  2.375000E+03  1.597E-04
  2.385000E+03  1.540E-04
  2.395000E+03  1.562E-04
  2.405000E+03  1.528E-04
  2.415000E+03  1.520E-04
  2.425000E+03  1.526E-04
  2.435000E+03  1.486E-04
  2.445000E+03  1.495E-04
  2.455000E+03  1.475E-04
  2.465000E+03  1.454E-04
  2.475000E+03  1.429E-04
  2.485000E+03  1.433E-04
  2.495000E+03  1.339E-04
  2.505000E+03  1.413E-04
  2.513000E+03  1.349E-04
  2.518000E+03  1.376E-04
  2.525000E+03  1.349E-04
  2.535000E+03  1.335E-04
  2.545000E+03  1.315E-04
  2.555000E+03  1.327E-04
  2.565000E+03  1.309E-04
  2.575000E+03  1.317E-04
  2.585000E+03  1.304E-04
  2.595000E+03  1.289E-04
  2.605000E+03  1.264E-04
  2.615000E+03  1.249E-04
  2.625000E+03  1.246E-04
  2.635000E+03  1.239E-04
  2.645000E+03  1.258E-04
  2.655000E+03  1.246E-04
  2.665000E+03  1.213E-04
  2.675000E+03  1.213E-04
  2.685000E+03  1.205E-04
  2.695000E+03  1.178E-04
  2.705000E+03  1.174E-04
  2.715000E+03  1.151E-04
  2.725000E+03  1.138E-04
  2.735000E+03  1.139E-04
  2.745000E+03  1.097E-04
  2.755000E+03  1.091E-04
  2.765000E+03  1.091E-04
  2.775000E+03  1.099E-04
  2.785000E+03  1.083E-04
  2.795000E+03  1.016E-04
  2.805000E+03  1.033E-04
  2.815000E+03  1.063E-04
  2.825000E+03  1.053E-04
  2.835000E+03  1.030E-04
  2.845000E+03  1.020E-04
  2.855000E+03  1.009E-04
  2.865000E+03  1.015E-04
  2.875000E+03  1.003E-04
  2.885000E+03  9.970E-05
  2.895000E+03  9.869E-05
  2.910000E+03  9.875E-05
  2.930000E+03  9.633E-05
  2.950000E+03  9.418E-05
  2.970000E+03  9.312E-05
  2.990000E+03  9.151E-05
  3.010000E+03  9.026E-05
  3.030000E+03  8.887E-05
  3.050000E+03  8.735E-05
  3.070000E+03  8.582E-05
  3.090000E+03  8.448E-05
  3.110000E+03  8.303E-05
  3.130000E+03  8.144E-05
  3.150000E+03  8.029E-05
  3.170000E+03  7.901E-05
  3.190000E+03  7.678E-05
  3.210000E+03  7.621E-05
  3.230000E+03  7.475E-05
  3.250000E+03  7.415E-05
  3.270000E+03  7.334E-05
  3.290000E+03  7.223E-05
  3.310000E+03  7.120E-05
  3.330000E+03  6.997E-05
  3.350000E+03  6.862E-05
  3.370000E+03  6.729E-05
  3.390000E+03  6.647E-05
  3.410000E+03  6.571E-05
  3.430000E+03  6.460E-05
  3.450000E+03  6.373E-05
  3.470000E+03  6.298E-05
  3.490000E+03  6.224E-05
  3.510000E+03  6.171E-05
  3.530000E+03  6.063E-05
  3.550000E+03  6.017E-05
  3.570000E+03  5.864E-05
  3.590000E+03  5.766E-05
  3.610000E+03  5.731E-05
  3.630000E+03  5.667E-05
  3.640000E+03  5.640E-05
  3.650000E+03  5.657E-05
  3.670000E+03  5.548E-05
  3.690000E+03  5.433E-05
  3.710000E+03  5.769E-05
  3.730000E+03  5.715E-05
  3.750000E+03  6.457E-05
  3.770000E+03  6.550E-05
  3.790000E+03  7.130E-05
  3.810000E+03  7.662E-05
  3.830000E+03  6.524E-05
  3.850000E+03  7.838E-05
  3.870000E+03  8.131E-05
  3.890000E+03  6.132E-05
  3.910000E+03  8.054E-05
  3.930000E+03  7.584E-05
  3.950000E+03  7.778E-05
  3.970000E+03  5.571E-05
  3.990000E+03  7.692E-05
  4.010000E+03  7.924E-05
  4.030000E+03  7.751E-05
  4.050000E+03  7.752E-05
  4.070000E+03  7.529E-05
  4.090000E+03  6.864E-05
  4.110000E+03  5.863E-05
  4.130000E+03  7.192E-05
  4.150000E+03  7.248E-05
  4.170000E+03  7.178E-05
  4.190000E+03  7.094E-05
  4.210000E+03  7.022E-05
  4.230000E+03  6.923E-05
  4.250000E+03  6.840E-05
  4.270000E+03  6.688E-05
  4.290000E+03  6.585E-05
  4.310000E+03  6.314E-05
  4.330000E+03  5.734E-05
  4.350000E+03  5.169E-05
  4.370000E+03  6.295E-05
  4.390000E+03  6.194E-05
  4.410000E+03  6.198E-05
  4.430000E+03  6.184E-05
  4.450000E+03  6.130E-05
  4.470000E+03  6.001E-05
  4.490000E+03  6.009E-05
  4.510000E+03  6.059E-05
  4.530000E+03  5.887E-05
  4.550000E+03  5.811E-05
  4.570000E+03  5.844E-05
  4.590000E+03  5.713E-05
  4.610000E+03  5.708E-05
  4.630000E+03  5.603E-05
  4.650000E+03  5.557E-05
  4.670000E+03  5.526E-05
  4.690000E+03  5.440E-05
  4.710000E+03  5.315E-05
  4.730000E+03  5.341E-05
  4.750000E+03  5.310E-05
  4.770000E+03  5.259E-05
  4.790000E+03  5.187E-05
  4.810000E+03  5.106E-05
  4.830000E+03  5.011E-05
  4.850000E+03  4.501E-05
  4.870000E+03  3.938E-05
  4.890000E+03  4.802E-05
  4.910000E+03  4.824E-05
  4.930000E+03  4.729E-05
  4.950000E+03  4.774E-05
  4.970000E+03  4.728E-05
  4.990000E+03  4.610E-05
  5.010000E+03  4.487E-05
  5.030000E+03  4.530E-05
  5.050000E+03  4.461E-05
  5.070000E+03  4.483E-05
  5.090000E+03  4.394E-05
  5.110000E+03  4.364E-05
  5.130000E+03  4.289E-05
  5.150000E+03  4.219E-05
  5.170000E+03  4.145E-05
  5.190000E+03  4.129E-05
  5.210000E+03  4.111E-05
  5.230000E+03  4.089E-05
  5.250000E+03  4.086E-05
  5.270000E+03  3.955E-05
  5.290000E+03  4.021E-05
  5.310000E+03  4.009E-05
  5.330000E+03  3.901E-05
  5.350000E+03  3.939E-05
  5.370000E+03  3.900E-05
  5.390000E+03  3.844E-05
  5.410000E+03  3.791E-05
  5.430000E+03  3.768E-05
  5.450000E+03  3.775E-05
  5.470000E+03  3.718E-05
  5.490000E+03  3.687E-05
  5.510000E+03  3.656E-05
  5.530000E+03  3.642E-05
  5.550000E+03  3.630E-05
  5.570000E+03  3.582E-05
  5.590000E+03  3.535E-05
  5.610000E+03  3.534E-05
  5.630000E+03  3.503E-05
  5.650000E+03  3.476E-05
  5.670000E+03  3.429E-05
  5.690000E+03  3.429E-05
  5.710000E+03  3.370E-05
  5.730000E+03  3.406E-05
  5.750000E+03  3.353E-05
  5.770000E+03  3.341E-05
  5.790000E+03  3.290E-05
  5.810000E+03  3.294E-05
  5.830000E+03  3.290E-05
  5.850000E+03  3.243E-05
  5.870000E+03  3.197E-05
  5.890000E+03  3.136E-05
  5.910000E+03  3.167E-05
  5.930000E+03  3.147E-05
  5.950000E+03  3.123E-05
  5.970000E+03  3.117E-05
  5.990000E+03  3.081E-05
  6.010000E+03  3.050E-05
  6.030000E+03  3.045E-05
  6.050000E+03  3.039E-05
  6.070000E+03  3.015E-05
  6.090000E+03  2.971E-05
  6.110000E+03  2.952E-05
  6.130000E+03  2.896E-05
  6.150000E+03  2.887E-05
  6.170000E+03  2.849E-05
  6.190000E+03  2.866E-05
  6.210000E+03  2.844E-05
  6.230000E+03  2.800E-05
  6.250000E+03  2.747E-05
  6.270000E+03  2.778E-05
  6.290000E+03  2.770E-05
  6.310000E+03  2.732E-05
  6.330000E+03  2.730E-05
  6.350000E+03  2.712E-05
  6.370000E+03  2.695E-05
  6.390000E+03  2.688E-05
  6.410000E+03  2.655E-05
  6.430000E+03  2.646E-05
  6.450000E+03  2.629E-05
  6.470000E+03  2.613E-05
  6.490000E+03  2.571E-05
  6.510000E+03  2.578E-05
  6.530000E+03  2.552E-05
  6.550000E+03  2.411E-05
  6.570000E+03  2.128E-05
  6.590000E+03  2.469E-05
  6.610000E+03  2.496E-05
  6.630000E+03  2.488E-05
  6.650000E+03  2.471E-05
  6.670000E+03  2.439E-05
  6.690000E+03  2.444E-05
  6.710000E+03  2.410E-05
  6.730000E+03  2.414E-05
  6.750000E+03  2.387E-05
  6.770000E+03  2.380E-05
  6.790000E+03  2.361E-05
  6.810000E+03  2.347E-05
  6.830000E+03  2.340E-05
  6.850000E+03  2.310E-05
  6.870000E+03  2.307E-05
  6.890000E+03  2.305E-05
  6.910000E+03  2.287E-05
  6.930000E+03  2.269E-05
  6.950000E+03  2.247E-05
  6.970000E+03  2.242E-05
  6.990000E+03  2.225E-05
  7.010000E+03  2.197E-05
  7.030000E+03  2.196E-05
  7.050000E+03  2.185E-05
  7.070000E+03  2.149E-05
  7.090000E+03  2.137E-05
  7.110000E+03  2.110E-05
  7.130000E+03  2.089E-05
  7.150000E+03  2.079E-05
  7.170000E+03  2.075E-05
  7.190000E+03  2.044E-05
  7.210000E+03  2.050E-05
  7.230000E+03  2.049E-05
  7.250000E+03  2.043E-05
  7.270000E+03  2.033E-05
  7.290000E+03  2.005E-05
  7.310000E+03  2.011E-05
  7.330000E+03  2.004E-05
  7.350000E+03  1.995E-05
  7.370000E+03  1.999E-05
  7.390000E+03  1.973E-05
  7.410000E+03  1.951E-05
  7.430000E+03  1.956E-05
  7.450000E+03  1.948E-05
  7.470000E+03  1.940E-05
  7.490000E+03  1.926E-05
  7.510000E+03  1.922E-05
  7.530000E+03  1.918E-05
  7.550000E+03  1.913E-05
  7.570000E+03  1.897E-05
  7.590000E+03  1.881E-05
  7.610000E+03  1.869E-05
  7.630000E+03  1.856E-05
  7.650000E+03  1.843E-05
  7.670000E+03  1.812E-05
  7.690000E+03  1.821E-05
  7.710000E+03  1.795E-05
  7.730000E+03  1.793E-05
  7.750000E+03  1.778E-05
  7.770000E+03  1.772E-05
  7.790000E+03  1.772E-05
  7.810000E+03  1.766E-05
  7.830000E+03  1.754E-05
  7.850000E+03  1.740E-05
  7.870000E+03  1.733E-05
  7.890000E+03  1.711E-05
  7.910000E+03  1.687E-05
  7.930000E+03  1.682E-05
  7.950000E+03  1.668E-05
  7.970000E+03  1.681E-05
  7.990000E+03  1.670E-05
  8.010000E+03  1.683E-05
  8.030000E+03  1.677E-05
  8.050000E+03  1.664E-05
  8.070000E+03  1.659E-05
  8.090000E+03  1.644E-05
  8.110000E+03  1.640E-05
  8.130000E+03  1.636E-05
  8.150000E+03  1.629E-05
  8.170000E+03  1.621E-05
  8.190000E+03  1.601E-05
  8.210000E+03  1.595E-05
  8.230000E+03  1.588E-05
  8.250000E+03  1.584E-05
  8.270000E+03  1.579E-05
  8.290000E+03  1.566E-05
  8.310000E+03  1.546E-05
  8.330000E+03  1.529E-05
  8.350000E+03  1.531E-05
  8.370000E+03  1.515E-05
  8.390000E+03  1.498E-05
  8.410000E+03  1.507E-05
  8.430000E+03  1.499E-05
  8.450000E+03  1.498E-05
  8.470000E+03  1.463E-05
  8.490000E+03  1.502E-05
  8.510000E+03  1.417E-05
  8.530000E+03  1.501E-05
  8.550000E+03  1.327E-05
  8.570000E+03  1.516E-05
  8.590000E+03  1.453E-05
  8.610000E+03  1.433E-05
  8.630000E+03  1.508E-05
  8.650000E+03  1.474E-05
  8.670000E+03  1.290E-05
  8.690000E+03  1.467E-05
  8.710000E+03  1.492E-05
  8.730000E+03  1.466E-05
  8.750000E+03  1.341E-05
  8.770000E+03  1.437E-05
  8.790000E+03  1.466E-05
  8.810000E+03  1.454E-05
  8.830000E+03  1.443E-05
  8.850000E+03  1.392E-05
  8.870000E+03  1.303E-05
  8.890000E+03  1.414E-05
  8.910000E+03  1.426E-05
  8.930000E+03  1.418E-05
  8.950000E+03  1.411E-05
  8.970000E+03  1.404E-05
  8.990000E+03  1.382E-05
  9.010000E+03  1.264E-05
  9.030000E+03  1.320E-05
  9.050000E+03  1.374E-05
  9.070000E+03  1.368E-05
  9.090000E+03  1.350E-05
  9.110000E+03  1.357E-05
  9.130000E+03  1.355E-05
  9.150000E+03  1.349E-05
  9.170000E+03  1.339E-05
  9.190000E+03  1.329E-05
  9.210000E+03  1.289E-05
  9.230000E+03  1.187E-05
  9.250000E+03  1.267E-05
  9.270000E+03  1.291E-05
  9.290000E+03  1.296E-05
  9.310000E+03  1.294E-05
  9.330000E+03  1.288E-05
  9.350000E+03  1.280E-05
  9.370000E+03  1.269E-05
  9.390000E+03  1.270E-05
  9.410000E+03  1.250E-05
  9.430000E+03  1.257E-05
  9.450000E+03  1.246E-05
  9.470000E+03  1.244E-05
  9.490000E+03  1.237E-05
  9.510000E+03  1.223E-05
  9.530000E+03  1.192E-05
  9.550000E+03  1.104E-05
  9.570000E+03  1.185E-05
  9.590000E+03  1.203E-05
  9.610000E+03  1.197E-05
  9.630000E+03  1.192E-05
  9.650000E+03  1.183E-05
  9.670000E+03  1.178E-05
  9.690000E+03  1.178E-05
  9.710000E+03  1.171E-05
  9.730000E+03  1.165E-05
  9.750000E+03  1.157E-05
  9.770000E+03  1.155E-05
  9.790000E+03  1.145E-05
  9.810000E+03  1.147E-05
  9.830000E+03  1.142E-05
  9.850000E+03  1.136E-05
  9.870000E+03  1.128E-05
  9.890000E+03  1.122E-05
  9.910000E+03  1.118E-05
  9.930000E+03  1.114E-05
  9.950000E+03  1.109E-05
  9.970000E+03  1.104E-05
  9.990000E+03  1.097E-05
  1.002500E+04  1.060E-05
  1.007500E+04  1.034E-05
  1.012500E+04  1.056E-05
  1.017500E+04  1.042E-05
  1.022500E+04  1.034E-05
  1.027500E+04  1.025E-05
  1.032500E+04  1.007E-05
  1.037500E+04  9.962E-06
  1.042500E+04  9.884E-06
  1.047500E+04  9.736E-06
  1.052500E+04  9.660E-06
  1.057500E+04  9.532E-06
  1.062500E+04  9.421E-06
  1.067500E+04  9.241E-06
  1.072500E+04  9.189E-06
  1.077500E+04  9.069E-06
  1.082500E+04  8.921E-06
  1.087500E+04  8.817E-06
  1.092500E+04  8.434E-06
  1.097500E+04  8.530E-06
  1.102500E+04  8.577E-06
  1.107500E+04  8.504E-06
  1.112500E+04  8.410E-06
  1.117500E+04  8.307E-06
  1.122500E+04  8.250E-06
  1.127500E+04  8.110E-06
  1.132500E+04  8.032E-06
  1.137500E+04  7.948E-06
  1.142500E+04  7.838E-06
  1.147500E+04  7.830E-06
  1.152500E+04  7.764E-06
  1.157500E+04  7.655E-06
  1.162500E+04  7.528E-06
  1.167500E+04  7.471E-06
  1.172500E+04  7.455E-06
  1.177500E+04  7.318E-06
  1.182500E+04  7.254E-06
  1.187500E+04  7.137E-06
  1.192500E+04  7.161E-06
  1.197500E+04  6.974E-06
  1.202500E+04  6.997E-06
  1.207500E+04  6.898E-06
  1.212500E+04  6.856E-06
  1.217500E+04  6.819E-06
  1.222500E+04  6.748E-06
  1.227500E+04  6.673E-06
  1.232500E+04  6.614E-06
  1.237500E+04  6.555E-06
  1.242500E+04  6.491E-06
  1.247500E+04  6.437E-06
  1.252500E+04  6.365E-06
  1.257500E+04  6.310E-06
  1.262500E+04  6.257E-06
  1.267500E+04  6.188E-06
  1.272500E+04  6.153E-06
  1.277500E+04  6.074E-06
  1.282500E+04  5.768E-06
  1.287500E+04  5.949E-06
  1.292500E+04  5.912E-06
  1.297500E+04  5.894E-06
  1.302500E+04  5.833E-06
  1.307500E+04  5.800E-06
  1.312500E+04  5.721E-06
  1.317500E+04  5.670E-06
  1.322500E+04  5.645E-06
  1.327500E+04  5.558E-06
  1.332500E+04  5.547E-06
  1.337500E+04  5.488E-06
  1.342500E+04  5.478E-06
  1.347500E+04  5.430E-06
  1.352500E+04  5.389E-06
  1.357500E+04  5.305E-06
  1.362500E+04  5.265E-06
  1.367500E+04  5.245E-06
  1.372500E+04  5.209E-06
  1.377500E+04  5.176E-06
  1.382500E+04  5.145E-06
  1.387500E+04  5.090E-06
  1.392500E+04  5.054E-06
  1.397500E+04  5.018E-06
  1.402500E+04  4.953E-06
  1.407500E+04  4.944E-06
  1.412500E+04  4.882E-06
  1.417500E+04  4.877E-06
  1.422500E+04  4.808E-06
  1.427500E+04  4.760E-06
  1.432500E+04  4.771E-06
  1.437500E+04  4.762E-06
  1.442500E+04  4.650E-06
  1.447500E+04  4.690E-06
  1.452500E+04  4.617E-06
  1.457000E+04  4.619E-06
  1.462000E+04  4.587E-06
  1.467500E+04  4.558E-06
  1.472500E+04  4.493E-06
  1.477500E+04  4.483E-06
  1.482500E+04  4.463E-06
  1.487500E+04  4.414E-06
  1.492500E+04  4.438E-06
  1.497500E+04  4.387E-06
  1.502500E+04  4.336E-06
  1.507500E+04  4.296E-06
  1.512500E+04  4.316E-06
  1.517500E+04  4.307E-06
  1.522500E+04  4.290E-06
  1.527500E+04  4.259E-06
  1.532500E+04  4.226E-06
  1.537500E+04  4.238E-06
  1.542500E+04  4.185E-06
  1.547500E+04  4.204E-06
  1.552500E+04  4.161E-06
  1.557500E+04  4.035E-06
  1.562500E+04  4.125E-06
  1.567500E+04  4.058E-06
  1.572500E+04  4.026E-06
  1.577500E+04  3.952E-06
  1.582500E+04  3.969E-06
  1.587500E+04  3.837E-06
  1.592500E+04  3.960E-06
  1.597500E+04  3.918E-06
  1.605000E+04  3.883E-06
  1.615000E+04  3.808E-06
  1.625000E+04  3.791E-06
  1.635000E+04  3.772E-06
  1.645000E+04  3.606E-06
  1.655000E+04  3.661E-06
  1.665000E+04  3.554E-06
  1.675000E+04  3.512E-06
  1.685000E+04  3.375E-06
  1.695000E+04  3.414E-06
  1.705000E+04  3.320E-06
  1.715000E+04  3.281E-06
  1.725000E+04  3.207E-06
  1.735000E+04  3.078E-06
  1.745000E+04  3.088E-06
  1.755000E+04  3.042E-06
  1.765000E+04  2.989E-06
  1.775000E+04  2.927E-06
  1.785000E+04  2.888E-06
  1.795000E+04  2.828E-06
  1.805000E+04  2.771E-06
  1.815000E+04  2.685E-06
  1.825000E+04  2.664E-06
  1.835000E+04  2.627E-06
  1.845000E+04  2.580E-06
  1.855000E+04  2.546E-06
  1.865000E+04  2.485E-06
  1.875000E+04  2.392E-06
  1.885000E+04  2.408E-06
  1.895000E+04  2.339E-06
  1.905000E+04  2.341E-06
  1.915000E+04  2.291E-06
  1.925000E+04  2.256E-06
  1.935000E+04  2.205E-06
  1.945000E+04  2.123E-06
  1.955000E+04  2.134E-06
  1.965000E+04  2.100E-06
  1.975000E+04  2.060E-06
  1.985000E+04  2.025E-06
  1.995000E+04  1.998E-06
  2.005000E+04  1.975E-06
  2.015000E+04  1.951E-06
  2.025000E+04  1.904E-06
  2.035000E+04  1.869E-06
  2.045000E+04  1.852E-06
  2.055000E+04  1.820E-06
  2.065000E+04  1.784E-06
  2.075000E+04  1.758E-06
  2.085000E+04  1.738E-06
  2.095000E+04  1.700E-06
  2.105000E+04  1.684E-06
  2.115000E+04  1.653E-06
  2.125000E+04  1.629E-06
  2.135000E+04  1.608E-06
  2.145000E+04  1.581E-06
  2.155000E+04  1.557E-06
  2.165000E+04  1.506E-06
  2.175000E+04  1.501E-06
  2.185000E+04  1.481E-06
  2.195000E+04  1.461E-06
  2.205000E+04  1.430E-06
  2.215000E+04  1.417E-06
  2.225000E+04  1.392E-06
  2.235000E+04  1.373E-06
  2.245000E+04  1.356E-06
  2.255000E+04  1.332E-06
  2.265000E+04  1.311E-06
  2.275000E+04  1.296E-06
  2.285000E+04  1.273E-06
  2.295000E+04  1.131E-06
  2.305000E+04  1.182E-06
  2.315000E+04  1.173E-06
  2.325000E+04  1.048E-06
  2.335000E+04  1.104E-06
  2.345000E+04  1.080E-06
  2.355000E+04  9.801E-07
  2.365000E+04  1.033E-06
  2.375000E+04  1.015E-06
  2.385000E+04  9.307E-07
  2.395000E+04  9.757E-07
  2.405000E+04  9.670E-07
  2.415000E+04  8.957E-07
  2.425000E+04  9.241E-07
  2.435000E+04  9.145E-07
  2.445000E+04  8.736E-07
  2.455000E+04  8.706E-07
  2.465000E+04  8.803E-07
  2.475000E+04  8.545E-07
  2.485000E+04  8.049E-07
  2.495000E+04  8.047E-07
  2.505000E+04  8.187E-07
  2.515000E+04  7.725E-07
  2.525000E+04  7.843E-07
  2.535000E+04  7.889E-07
  2.545000E+04  7.753E-07
  2.555000E+04  7.671E-07
  2.565000E+04  7.625E-07
  2.575000E+04  7.683E-07
  2.585000E+04  7.423E-07
  2.595000E+04  7.455E-07
  2.605000E+04  7.432E-07
  2.615000E+04  7.237E-07
  2.625000E+04  7.123E-07
  2.635000E+04  7.198E-07
  2.645000E+04  7.131E-07
  2.655000E+04  7.023E-07
  2.665000E+04  6.916E-07
  2.675000E+04  6.883E-07
  2.685000E+04  6.831E-07
  2.695000E+04  6.723E-07
  2.705000E+04  6.703E-07
  2.715000E+04  6.624E-07
  2.725000E+04  6.604E-07
  2.735000E+04  6.471E-07
  2.745000E+04  6.459E-07
  2.755000E+04  6.332E-07
  2.765000E+04  6.271E-07
  2.775000E+04  6.211E-07
  2.785000E+04  6.180E-07
  2.795000E+04  6.140E-07
  2.805000E+04  6.052E-07
  2.815000E+04  5.962E-07
  2.825000E+04  5.911E-07
  2.835000E+04  5.836E-07
  2.845000E+04  5.724E-07
  2.855000E+04  5.690E-07
  2.865000E+04  5.624E-07
  2.875000E+04  5.498E-07
  2.885000E+04  5.485E-07
  2.895000E+04  5.410E-07
  2.905000E+04  5.367E-07
  2.915000E+04  5.291E-07
  2.925000E+04  5.196E-07
  2.935000E+04  5.154E-07
  2.945000E+04  5.071E-07
  2.955000E+04  5.009E-07
  2.965000E+04  4.954E-07
  2.975000E+04  4.892E-07
  2.985000E+04  4.827E-07
  2.995000E+04  4.769E-07
  3.005000E+04  4.713E-07
  3.015000E+04  4.661E-07
  3.025000E+04  4.599E-07
  3.035000E+04  4.492E-07
  3.045000E+04  4.477E-07
  3.055000E+04  4.438E-07
  3.065000E+04  4.387E-07
  3.075000E+04  4.344E-07
  3.085000E+04  4.285E-07
  3.095000E+04  4.234E-07
  3.105000E+04  4.193E-07
  3.115000E+04  4.127E-07
  3.125000E+04  4.091E-07
  3.135000E+04  4.045E-07
  3.145000E+04  3.998E-07
  3.155000E+04  3.944E-07
  3.165000E+04  3.901E-07
  3.175000E+04  3.858E-07
  3.185000E+04  3.815E-07
  3.195000E+04  3.774E-07
  3.210000E+04  3.705E-07
  3.230000E+04  3.622E-07
  3.250000E+04  3.542E-07
  3.270000E+04  3.461E-07
  3.290000E+04  3.358E-07
  3.310000E+04  3.303E-07
  3.330000E+04  3.235E-07
  3.350000E+04  3.179E-07
  3.370000E+04  3.102E-07
  3.390000E+04  3.037E-07
  3.410000E+04  2.979E-07
  3.430000E+04  2.931E-07
  3.450000E+04  2.869E-07
  3.470000E+04  2.806E-07
  3.490000E+04  2.738E-07
  3.510000E+04  2.689E-07
  3.530000E+04  2.626E-07
  3.550000E+04  2.563E-07
  3.570000E+04  2.515E-07
  3.590000E+04  2.460E-07
  3.610000E+04  2.412E-07
  3.630000E+04  2.357E-07
  3.650000E+04  2.299E-07
  3.670000E+04  2.255E-07
  3.690000E+04  2.194E-07
  3.710000E+04  2.149E-07
  3.730000E+04  2.104E-07
  3.750000E+04  2.041E-07
  3.770000E+04  2.020E-07
  3.790000E+04  1.980E-07
  3.810000E+04  1.937E-07
  3.830000E+04  1.901E-07
  3.850000E+04  1.868E-07
  3.870000E+04  1.829E-07
  3.890000E+04  1.794E-07
  3.910000E+04  1.755E-07
  3.930000E+04  1.729E-07
  3.950000E+04  1.694E-07
  3.970000E+04  1.664E-07
  3.990000E+04  1.628E-07
  4.010000E+04  1.598E-07
  4.030000E+04  1.570E-07
  4.050000E+04  1.536E-07
  4.070000E+04  1.519E-07
  4.090000E+04  1.495E-07
  4.110000E+04  1.471E-07
  4.130000E+04  1.445E-07
  4.150000E+04  1.415E-07
  4.170000E+04  1.387E-07
  4.190000E+04  1.370E-07
  4.210000E+04  1.343E-07
  4.230000E+04  1.327E-07
  4.250000E+04  1.302E-07
  4.270000E+04  1.283E-07
  4.290000E+04  1.218E-07
  4.310000E+04  1.164E-07
  4.330000E+04  1.168E-07
  4.350000E+04  1.106E-07
  4.370000E+04  1.076E-07
  4.390000E+04  1.058E-07
  4.410000E+04  1.006E-07
  4.430000E+04  9.999E-08
  4.450000E+04  9.761E-08
  4.470000E+04  9.344E-08
  4.490000E+04  9.433E-08
  4.510000E+04  9.171E-08
  4.530000E+04  8.821E-08
  4.550000E+04  8.794E-08
  4.570000E+04  8.652E-08
  4.590000E+04  8.294E-08
  4.610000E+04  8.377E-08
  4.630000E+04  8.182E-08
  4.650000E+04  8.039E-08
  4.670000E+04  7.957E-08
  4.690000E+04  7.845E-08
  4.710000E+04  7.685E-08
  4.730000E+04  7.726E-08
  4.750000E+04  7.559E-08
  4.770000E+04  7.451E-08
  4.790000E+04  7.335E-08
  4.810000E+04  7.170E-08
  4.830000E+04  7.202E-08
  4.850000E+04  7.054E-08
  4.870000E+04  6.913E-08
  4.890000E+04  6.851E-08
  4.910000E+04  6.724E-08
  4.930000E+04  6.639E-08
  4.950000E+04  6.520E-08
  4.970000E+04  6.466E-08
  4.990000E+04  6.364E-08
  5.010000E+04  6.310E-08
  5.030000E+04  6.218E-08
  5.050000E+04  6.070E-08
  5.070000E+04  6.008E-08
  5.090000E+04  5.947E-08
  5.110000E+04  5.836E-08
  5.130000E+04  5.746E-08
  5.150000E+04  5.687E-08
  5.170000E+04  5.678E-08
  5.190000E+04  5.562E-08
  5.210000E+04  5.481E-08
  5.230000E+04  5.403E-08
  5.250000E+04  5.360E-08
  5.270000E+04  5.344E-08
  5.290000E+04  5.203E-08
  5.310000E+04  5.128E-08
  5.330000E+04  5.087E-08
  5.350000E+04  5.019E-08
  5.370000E+04  4.960E-08
  5.390000E+04  4.904E-08
  5.410000E+04  4.844E-08
  5.430000E+04  4.761E-08
  5.450000E+04  4.737E-08
  5.470000E+04  4.655E-08
  5.490000E+04  4.609E-08
  5.510000E+04  4.537E-08
  5.530000E+04  4.551E-08
  5.550000E+04  4.425E-08
  5.570000E+04  4.424E-08
  5.590000E+04  4.339E-08
  5.610000E+04  4.311E-08
  5.630000E+04  4.224E-08
  5.650000E+04  4.206E-08
  5.670000E+04  4.147E-08
  5.690000E+04  4.070E-08
  5.710000E+04  4.051E-08
  5.730000E+04  4.002E-08
  5.750000E+04  3.950E-08
  5.770000E+04  3.894E-08
  5.790000E+04  3.871E-08
  5.810000E+04  3.812E-08
  5.830000E+04  3.772E-08
  5.850000E+04  3.730E-08
  5.870000E+04  3.673E-08
  5.890000E+04  3.631E-08
  5.910000E+04  3.572E-08
  5.930000E+04  3.549E-08
  5.950000E+04  3.500E-08
  5.970000E+04  3.472E-08
  5.990000E+04  3.429E-08
  6.010000E+04  3.388E-08
  6.030000E+04  3.348E-08
  6.050000E+04  3.301E-08
  6.070000E+04  3.267E-08
  6.090000E+04  3.227E-08
  6.110000E+04  3.183E-08
  6.130000E+04  3.151E-08
  6.150000E+04  3.117E-08
  6.170000E+04  3.087E-08
  6.190000E+04  3.046E-08
  6.210000E+04  3.014E-08
  6.230000E+04  2.972E-08
  6.250000E+04  2.933E-08
  6.270000E+04  2.899E-08
  6.290000E+04  2.864E-08
  6.310000E+04  2.829E-08
  6.330000E+04  2.805E-08
  6.350000E+04  2.770E-08
  6.370000E+04  2.748E-08
  6.390000E+04  2.704E-08
  6.420000E+04  2.660E-08
  6.460000E+04  2.595E-08
  6.500000E+04  2.539E-08
  6.540000E+04  2.481E-08
  6.580000E+04  2.425E-08
  6.620000E+04  2.367E-08
  6.660000E+04  2.317E-08
  6.700000E+04  2.268E-08
  6.740000E+04  2.216E-08
  6.780000E+04  2.166E-08
  6.820000E+04  2.119E-08
  6.860000E+04  2.074E-08
  6.900000E+04  2.025E-08
  6.940000E+04  1.981E-08
  6.980000E+04  1.938E-08
  7.020000E+04  1.896E-08
  7.060000E+04  1.856E-08
  7.100000E+04  1.817E-08
  7.140000E+04  1.778E-08
  7.180000E+04  1.741E-08
  7.220000E+04  1.706E-08
  7.260000E+04  1.671E-08
  7.300000E+04  1.636E-08
  7.340000E+04  1.601E-08
  7.380000E+04  1.568E-08
  7.420000E+04  1.535E-08
  7.460000E+04  1.500E-08
  7.500000E+04  1.470E-08
  7.540000E+04  1.445E-08
  7.580000E+04  1.414E-08
  7.620000E+04  1.386E-08
  7.660000E+04  1.357E-08
  7.700000E+04  1.331E-08
  7.740000E+04  1.306E-08
  7.780000E+04  1.280E-08
  7.820000E+04  1.254E-08
  7.860000E+04  1.229E-08
  7.900000E+04  1.206E-08
  7.940000E+04  1.183E-08
  7.980000E+04  1.161E-08
  8.020000E+04  1.139E-08
  8.060000E+04  1.116E-08
  8.100000E+04  1.095E-08
  8.140000E+04  1.074E-08
  8.180000E+04  1.054E-08
  8.220000E+04  1.034E-08
  8.260000E+04  1.015E-08
  8.300000E+04  9.959E-09
  8.340000E+04  9.774E-09
  8.380000E+04  9.602E-09
  8.420000E+04  9.428E-09
  8.460000E+04  9.255E-09
  8.500000E+04  9.087E-09
  8.540000E+04  8.928E-09
  8.580000E+04  8.770E-09
  8.620000E+04  8.615E-09
  8.660000E+04  8.463E-09
  8.700000E+04  8.314E-09
  8.740000E+04  8.172E-09
  8.780000E+04  8.035E-09
  8.820000E+04  7.903E-09
  8.860000E+04  7.768E-09
  8.900000E+04  7.637E-09
  8.940000E+04  7.505E-09
  8.980000E+04  7.373E-09
  9.020000E+04  7.252E-09
  9.060000E+04  7.124E-09
  9.100000E+04  6.998E-09
  9.140000E+04  6.878E-09
  9.180000E+04  6.763E-09
  9.220000E+04  6.656E-09
  9.260000E+04  6.557E-09
  9.300000E+04  6.452E-09
  9.340000E+04  6.340E-09
  9.380000E+04  6.233E-09
  9.420000E+04  6.128E-09
  9.460000E+04  6.029E-09
  9.500000E+04  5.941E-09
  9.540000E+04  5.847E-09
  9.580000E+04  5.751E-09
  9.620000E+04  5.661E-09
  9.660000E+04  5.567E-09
  9.700000E+04  5.474E-09
  9.740000E+04  5.393E-09
  9.780000E+04  5.314E-09
  9.820000E+04  5.231E-09
  9.860000E+04  5.154E-09
  9.900000E+04  5.077E-09
  9.940000E+04  4.993E-09
  9.980000E+04  4.911E-09
  1.002000E+05  4.831E-09
  2.000000E+05  3.055E-10
  4.000000E+05  1.935E-11
  6.000000E+05  3.819E-12
  8.000000E+05  1.204E-12
  1.000000E+06  4.910E-13
  1.200000E+06  2.358E-13
  1.400000E+06  1.267E-13
  1.600000E+06  7.401E-14
