# Output file name = /disk1/raab/ultravista/nebularemission/bc2003_lr_m32_chab_const_100Myr.ascii
# Input file name  = models/constant/bc2003_lr_m32_chab_const.ised
# Column           2
# Record          116
# Age (yr)      1.015E+08
# Lambda(A)       Flux   
  9.100000E+01  1.918E+00
  9.400000E+01  3.370E+00
  9.600000E+01  4.803E+00
  9.800000E+01  6.738E+00
  1.000000E+02  9.313E+00
  1.020000E+02  1.269E+01
  1.040000E+02  1.708E+01
  1.060000E+02  2.271E+01
  1.080000E+02  2.984E+01
  1.100000E+02  3.879E+01
  1.140000E+02  6.364E+01
  1.180000E+02  1.007E+02
  1.210000E+02  1.391E+02
  1.250000E+02  2.085E+02
  1.270000E+02  2.526E+02
  1.280000E+02  2.775E+02
  1.310000E+02  3.642E+02
  1.320000E+02  3.976E+02
  1.340000E+02  4.720E+02
  1.370000E+02  6.043E+02
  1.400000E+02  7.652E+02
  1.430000E+02  9.590E+02
  1.470000E+02  1.276E+03
  1.510000E+02  1.672E+03
  1.550000E+02  2.158E+03
  1.590000E+02  2.749E+03
  1.620000E+02  3.269E+03
  1.660000E+02  4.075E+03
  1.700000E+02  5.026E+03
  1.730000E+02  5.841E+03
  1.770000E+02  7.077E+03
  1.800000E+02  8.125E+03
  1.820000E+02  8.883E+03
  1.860000E+02  1.055E+04
  1.910000E+02  1.294E+04
  1.940000E+02  1.455E+04
  1.980000E+02  1.690E+04
  2.020000E+02  1.950E+04
  2.050000E+02  2.161E+04
  2.100000E+02  2.548E+04
  2.160000E+02  3.068E+04
  2.200000E+02  3.450E+04
  2.230000E+02  3.755E+04
  2.270000E+02  4.186E+04
  2.300000E+02  1.034E+06
  2.340000E+02  1.158E+06
  2.400000E+02  1.491E+06
  2.460000E+02  2.016E+06
  2.520000E+02  2.539E+06
  2.570000E+02  2.018E+06
  2.600000E+02  2.819E+06
  2.640000E+02  3.559E+06
  2.690000E+02  3.670E+06
  2.740000E+02  3.745E+06
  2.790000E+02  3.510E+06
  2.840000E+02  3.858E+06
  2.900000E+02  3.856E+06
  2.960000E+02  3.486E+06
  3.010000E+02  2.277E+06
  3.080000E+02  2.813E+06
  3.180000E+02  3.616E+06
  3.280000E+02  3.627E+06
  3.380000E+02  3.528E+06
  3.480000E+02  3.439E+06
  3.570000E+02  3.547E+06
  3.660000E+02  3.700E+06
  3.750000E+02  3.630E+06
  3.850000E+02  3.362E+06
  3.950000E+02  3.536E+06
  4.050000E+02  3.593E+06
  4.140000E+02  3.550E+06
  4.220000E+02  3.442E+06
  4.300000E+02  3.362E+06
  4.410000E+02  3.420E+06
  4.510000E+02  3.377E+06
  4.600000E+02  3.261E+06
  4.700000E+02  3.206E+06
  4.800000E+02  3.202E+06
  4.900000E+02  3.074E+06
  5.000000E+02  3.107E+06
  5.060000E+02  3.375E+06
  5.120000E+02  4.241E+06
  5.200000E+02  4.128E+06
  5.300000E+02  4.019E+06
  5.400000E+02  3.745E+06
  5.500000E+02  3.693E+06
  5.600000E+02  3.914E+06
  5.700000E+02  3.880E+06
  5.800000E+02  3.744E+06
  5.900000E+02  3.742E+06
  6.000000E+02  3.601E+06
  6.100000E+02  3.500E+06
  6.200000E+02  3.610E+06
  6.300000E+02  3.522E+06
  6.400000E+02  3.506E+06
  6.500000E+02  3.422E+06
  6.580000E+02  3.324E+06
  6.650000E+02  3.355E+06
  6.750000E+02  3.338E+06
  6.850000E+02  3.188E+06
  6.950000E+02  3.228E+06
  7.050000E+02  3.069E+06
  7.160000E+02  3.142E+06
  7.260000E+02  3.103E+06
  7.350000E+02  3.069E+06
  7.450000E+02  2.999E+06
  7.550000E+02  2.946E+06
  7.650000E+02  2.860E+06
  7.750000E+02  2.852E+06
  7.850000E+02  2.805E+06
  7.950000E+02  2.772E+06
  8.050000E+02  2.740E+06
  8.150000E+02  2.710E+06
  8.250000E+02  2.681E+06
  8.350000E+02  2.534E+06
  8.450000E+02  2.597E+06
  8.550000E+02  2.552E+06
  8.650000E+02  2.535E+06
  8.750000E+02  2.503E+06
  8.850000E+02  2.466E+06
  8.950000E+02  2.430E+06
  9.050000E+02  2.378E+06
  9.150000E+02  2.453E+06
  9.250000E+02  4.660E+06
  9.350000E+02  6.603E+06
  9.450000E+02  9.482E+06
  9.550000E+02  1.073E+07
  9.650000E+02  1.239E+07
  9.750000E+02  7.364E+06
  9.850000E+02  1.260E+07
  9.950000E+02  1.202E+07
  1.005000E+03  1.255E+07
  1.015000E+03  1.165E+07
  1.025000E+03  7.094E+06
  1.035000E+03  1.066E+07
  1.045000E+03  1.222E+07
  1.055000E+03  1.202E+07
  1.065000E+03  1.125E+07
  1.075000E+03  1.142E+07
  1.085000E+03  1.057E+07
  1.095000E+03  1.113E+07
  1.105000E+03  1.069E+07
  1.115000E+03  1.051E+07
  1.125000E+03  9.943E+06
  1.135000E+03  1.015E+07
  1.145000E+03  9.737E+06
  1.155000E+03  9.659E+06
  1.165000E+03  9.512E+06
  1.175000E+03  8.359E+06
  1.185000E+03  8.972E+06
  1.195000E+03  8.426E+06
  1.205000E+03  7.592E+06
  1.215000E+03  4.834E+06
  1.225000E+03  7.350E+06
  1.235000E+03  7.986E+06
  1.245000E+03  7.972E+06
  1.255000E+03  7.887E+06
  1.265000E+03  7.696E+06
  1.275000E+03  7.703E+06
  1.285000E+03  7.585E+06
  1.295000E+03  7.217E+06
  1.305000E+03  7.106E+06
  1.315000E+03  7.168E+06
  1.325000E+03  6.958E+06
  1.335000E+03  6.738E+06
  1.345000E+03  6.748E+06
  1.355000E+03  6.634E+06
  1.365000E+03  6.447E+06
  1.375000E+03  6.329E+06
  1.385000E+03  6.245E+06
  1.395000E+03  5.819E+06
  1.405000E+03  5.684E+06
  1.415000E+03  5.897E+06
  1.425000E+03  5.751E+06
  1.435000E+03  5.693E+06
  1.442000E+03  5.642E+06
  1.447000E+03  5.586E+06
  1.455000E+03  5.489E+06
  1.465000E+03  5.374E+06
  1.475000E+03  5.284E+06
  1.485000E+03  5.199E+06
  1.495000E+03  5.099E+06
  1.505000E+03  4.983E+06
  1.512000E+03  4.885E+06
  1.517000E+03  4.867E+06
  1.525000E+03  4.789E+06
  1.535000E+03  4.584E+06
  1.545000E+03  4.450E+06
  1.555000E+03  4.357E+06
  1.565000E+03  4.382E+06
  1.575000E+03  4.369E+06
  1.585000E+03  4.321E+06
  1.595000E+03  4.267E+06
  1.605000E+03  4.119E+06
  1.615000E+03  4.049E+06
  1.625000E+03  3.988E+06
  1.635000E+03  3.934E+06
  1.645000E+03  3.805E+06
  1.655000E+03  3.827E+06
  1.665000E+03  3.805E+06
  1.672000E+03  3.698E+06
  1.677000E+03  3.753E+06
  1.685000E+03  3.706E+06
  1.695000E+03  3.629E+06
  1.705000E+03  3.551E+06
  1.715000E+03  3.462E+06
  1.725000E+03  3.412E+06
  1.735000E+03  3.406E+06
  1.745000E+03  3.337E+06
  1.755000E+03  3.304E+06
  1.765000E+03  3.209E+06
  1.775000E+03  3.191E+06
  1.785000E+03  3.152E+06
  1.795000E+03  3.117E+06
  1.805000E+03  3.078E+06
  1.815000E+03  3.009E+06
  1.825000E+03  2.973E+06
  1.835000E+03  2.927E+06
  1.845000E+03  2.836E+06
  1.855000E+03  2.779E+06
  1.865000E+03  2.757E+06
  1.875000E+03  2.749E+06
  1.885000E+03  2.658E+06
  1.895000E+03  2.592E+06
  1.905000E+03  2.609E+06
  1.915000E+03  2.539E+06
  1.925000E+03  2.488E+06
  1.935000E+03  2.488E+06
  1.945000E+03  2.478E+06
  1.955000E+03  2.393E+06
  1.967000E+03  2.399E+06
  1.976000E+03  2.390E+06
  1.984000E+03  2.336E+06
  1.995000E+03  2.277E+06
  2.005000E+03  2.274E+06
  2.015000E+03  2.251E+06
  2.025000E+03  2.234E+06
  2.035000E+03  2.185E+06
  2.045000E+03  2.157E+06
  2.055000E+03  1.951E+06
  2.065000E+03  1.996E+06
  2.074000E+03  2.096E+06
  2.078000E+03  2.064E+06
  2.085000E+03  2.056E+06
  2.095000E+03  2.014E+06
  2.105000E+03  2.005E+06
  2.115000E+03  1.989E+06
  2.125000E+03  1.970E+06
  2.135000E+03  1.936E+06
  2.145000E+03  1.907E+06
  2.155000E+03  1.896E+06
  2.165000E+03  1.857E+06
  2.175000E+03  1.841E+06
  2.185000E+03  1.811E+06
  2.195000E+03  1.804E+06
  2.205000E+03  1.774E+06
  2.215000E+03  1.740E+06
  2.225000E+03  1.720E+06
  2.235000E+03  1.708E+06
  2.245000E+03  1.684E+06
  2.255000E+03  1.649E+06
  2.265000E+03  1.640E+06
  2.275000E+03  1.623E+06
  2.285000E+03  1.605E+06
  2.295000E+03  1.567E+06
  2.305000E+03  1.552E+06
  2.315000E+03  1.539E+06
  2.325000E+03  1.449E+06
  2.335000E+03  1.497E+06
  2.345000E+03  1.470E+06
  2.355000E+03  1.464E+06
  2.365000E+03  1.437E+06
  2.375000E+03  1.425E+06
  2.385000E+03  1.388E+06
  2.395000E+03  1.389E+06
  2.405000E+03  1.370E+06
  2.415000E+03  1.355E+06
  2.425000E+03  1.346E+06
  2.435000E+03  1.324E+06
  2.445000E+03  1.313E+06
  2.455000E+03  1.298E+06
  2.465000E+03  1.280E+06
  2.475000E+03  1.264E+06
  2.485000E+03  1.254E+06
  2.495000E+03  1.210E+06
  2.505000E+03  1.226E+06
  2.513000E+03  1.186E+06
  2.518000E+03  1.205E+06
  2.525000E+03  1.191E+06
  2.535000E+03  1.175E+06
  2.545000E+03  1.162E+06
  2.555000E+03  1.157E+06
  2.565000E+03  1.142E+06
  2.575000E+03  1.134E+06
  2.585000E+03  1.122E+06
  2.595000E+03  1.109E+06
  2.605000E+03  1.094E+06
  2.615000E+03  1.081E+06
  2.625000E+03  1.072E+06
  2.635000E+03  1.060E+06
  2.645000E+03  1.059E+06
  2.655000E+03  1.048E+06
  2.665000E+03  1.032E+06
  2.675000E+03  1.023E+06
  2.685000E+03  1.016E+06
  2.695000E+03  9.988E+05
  2.705000E+03  9.927E+05
  2.715000E+03  9.796E+05
  2.725000E+03  9.646E+05
  2.735000E+03  9.544E+05
  2.745000E+03  9.414E+05
  2.755000E+03  9.329E+05
  2.765000E+03  9.239E+05
  2.775000E+03  9.225E+05
  2.785000E+03  9.116E+05
  2.795000E+03  8.861E+05
  2.805000E+03  8.855E+05
  2.815000E+03  8.866E+05
  2.825000E+03  8.732E+05
  2.835000E+03  8.631E+05
  2.845000E+03  8.568E+05
  2.855000E+03  8.478E+05
  2.865000E+03  8.421E+05
  2.875000E+03  8.330E+05
  2.885000E+03  8.256E+05
  2.895000E+03  8.175E+05
  2.910000E+03  8.075E+05
  2.930000E+03  7.901E+05
  2.950000E+03  7.715E+05
  2.970000E+03  7.604E+05
  2.990000E+03  7.458E+05
  3.010000E+03  7.306E+05
  3.030000E+03  7.151E+05
  3.050000E+03  6.999E+05
  3.070000E+03  6.848E+05
  3.090000E+03  6.706E+05
  3.110000E+03  6.566E+05
  3.130000E+03  6.425E+05
  3.150000E+03  6.297E+05
  3.170000E+03  6.173E+05
  3.190000E+03  6.007E+05
  3.210000E+03  5.909E+05
  3.230000E+03  5.805E+05
  3.250000E+03  5.700E+05
  3.270000E+03  5.599E+05
  3.290000E+03  5.489E+05
  3.310000E+03  5.391E+05
  3.330000E+03  5.286E+05
  3.350000E+03  5.178E+05
  3.370000E+03  5.082E+05
  3.390000E+03  4.993E+05
  3.410000E+03  4.906E+05
  3.430000E+03  4.789E+05
  3.450000E+03  4.706E+05
  3.470000E+03  4.645E+05
  3.490000E+03  4.566E+05
  3.510000E+03  4.498E+05
  3.530000E+03  4.417E+05
  3.550000E+03  4.350E+05
  3.570000E+03  4.275E+05
  3.590000E+03  4.188E+05
  3.610000E+03  4.125E+05
  3.630000E+03  4.054E+05
  3.640000E+03  4.023E+05
  3.650000E+03  4.014E+05
  3.670000E+03  3.913E+05
  3.690000E+03  3.848E+05
  3.710000E+03  4.041E+05
  3.730000E+03  4.020E+05
  3.750000E+03  4.416E+05
  3.770000E+03  4.417E+05
  3.790000E+03  4.671E+05
  3.810000E+03  4.940E+05
  3.830000E+03  4.324E+05
  3.850000E+03  5.025E+05
  3.870000E+03  5.113E+05
  3.890000E+03  4.027E+05
  3.910000E+03  5.002E+05
  3.930000E+03  4.887E+05
  3.950000E+03  4.847E+05
  3.970000E+03  3.715E+05
  3.990000E+03  4.683E+05
  4.010000E+03  4.718E+05
  4.030000E+03  4.582E+05
  4.050000E+03  4.600E+05
  4.070000E+03  4.490E+05
  4.090000E+03  4.123E+05
  4.110000E+03  3.575E+05
  4.130000E+03  4.245E+05
  4.150000E+03  4.230E+05
  4.170000E+03  4.186E+05
  4.190000E+03  4.127E+05
  4.210000E+03  4.061E+05
  4.230000E+03  3.997E+05
  4.250000E+03  3.936E+05
  4.270000E+03  3.866E+05
  4.290000E+03  3.798E+05
  4.310000E+03  3.690E+05
  4.330000E+03  3.352E+05
  4.350000E+03  3.043E+05
  4.370000E+03  3.558E+05
  4.390000E+03  3.500E+05
  4.410000E+03  3.490E+05
  4.430000E+03  3.445E+05
  4.450000E+03  3.402E+05
  4.470000E+03  3.284E+05
  4.490000E+03  3.302E+05
  4.510000E+03  3.270E+05
  4.530000E+03  3.213E+05
  4.550000E+03  3.162E+05
  4.570000E+03  3.134E+05
  4.590000E+03  3.084E+05
  4.610000E+03  3.049E+05
  4.630000E+03  3.003E+05
  4.650000E+03  2.961E+05
  4.670000E+03  2.926E+05
  4.690000E+03  2.877E+05
  4.710000E+03  2.822E+05
  4.730000E+03  2.808E+05
  4.750000E+03  2.772E+05
  4.770000E+03  2.735E+05
  4.790000E+03  2.696E+05
  4.810000E+03  2.656E+05
  4.830000E+03  2.601E+05
  4.850000E+03  2.385E+05
  4.870000E+03  2.113E+05
  4.890000E+03  2.486E+05
  4.910000E+03  2.484E+05
  4.930000E+03  2.428E+05
  4.950000E+03  2.429E+05
  4.970000E+03  2.404E+05
  4.990000E+03  2.366E+05
  5.010000E+03  2.315E+05
  5.030000E+03  2.312E+05
  5.050000E+03  2.273E+05
  5.070000E+03  2.258E+05
  5.090000E+03  2.227E+05
  5.110000E+03  2.201E+05
  5.130000E+03  2.172E+05
  5.150000E+03  2.143E+05
  5.170000E+03  2.112E+05
  5.190000E+03  2.090E+05
  5.210000E+03  2.067E+05
  5.230000E+03  2.046E+05
  5.250000E+03  2.028E+05
  5.270000E+03  1.995E+05
  5.290000E+03  1.984E+05
  5.310000E+03  1.962E+05
  5.330000E+03  1.934E+05
  5.350000E+03  1.920E+05
  5.370000E+03  1.898E+05
  5.390000E+03  1.877E+05
  5.410000E+03  1.853E+05
  5.430000E+03  1.836E+05
  5.450000E+03  1.819E+05
  5.470000E+03  1.801E+05
  5.490000E+03  1.784E+05
  5.510000E+03  1.765E+05
  5.530000E+03  1.748E+05
  5.550000E+03  1.733E+05
  5.570000E+03  1.713E+05
  5.590000E+03  1.697E+05
  5.610000E+03  1.681E+05
  5.630000E+03  1.667E+05
  5.650000E+03  1.651E+05
  5.670000E+03  1.633E+05
  5.690000E+03  1.619E+05
  5.710000E+03  1.598E+05
  5.730000E+03  1.588E+05
  5.750000E+03  1.572E+05
  5.770000E+03  1.559E+05
  5.790000E+03  1.546E+05
  5.810000E+03  1.535E+05
  5.830000E+03  1.523E+05
  5.850000E+03  1.508E+05
  5.870000E+03  1.476E+05
  5.890000E+03  1.477E+05
  5.910000E+03  1.470E+05
  5.930000E+03  1.458E+05
  5.950000E+03  1.446E+05
  5.970000E+03  1.434E+05
  5.990000E+03  1.422E+05
  6.010000E+03  1.409E+05
  6.030000E+03  1.398E+05
  6.050000E+03  1.388E+05
  6.070000E+03  1.376E+05
  6.090000E+03  1.365E+05
  6.110000E+03  1.353E+05
  6.130000E+03  1.339E+05
  6.150000E+03  1.329E+05
  6.170000E+03  1.319E+05
  6.190000E+03  1.310E+05
  6.210000E+03  1.300E+05
  6.230000E+03  1.288E+05
  6.250000E+03  1.275E+05
  6.270000E+03  1.270E+05
  6.290000E+03  1.259E+05
  6.310000E+03  1.248E+05
  6.330000E+03  1.239E+05
  6.350000E+03  1.229E+05
  6.370000E+03  1.220E+05
  6.390000E+03  1.211E+05
  6.410000E+03  1.199E+05
  6.430000E+03  1.191E+05
  6.450000E+03  1.182E+05
  6.470000E+03  1.173E+05
  6.490000E+03  1.160E+05
  6.510000E+03  1.153E+05
  6.530000E+03  1.138E+05
  6.550000E+03  1.083E+05
  6.570000E+03  9.516E+04
  6.590000E+03  1.102E+05
  6.610000E+03  1.108E+05
  6.630000E+03  1.103E+05
  6.650000E+03  1.095E+05
  6.670000E+03  1.082E+05
  6.690000E+03  1.075E+05
  6.710000E+03  1.070E+05
  6.730000E+03  1.063E+05
  6.750000E+03  1.054E+05
  6.770000E+03  1.046E+05
  6.790000E+03  1.038E+05
  6.810000E+03  1.030E+05
  6.830000E+03  1.022E+05
  6.850000E+03  1.014E+05
  6.870000E+03  1.006E+05
  6.890000E+03  9.984E+04
  6.910000E+03  9.907E+04
  6.930000E+03  9.831E+04
  6.950000E+03  9.753E+04
  6.970000E+03  9.682E+04
  6.990000E+03  9.605E+04
  7.010000E+03  9.524E+04
  7.030000E+03  9.456E+04
  7.050000E+03  9.386E+04
  7.070000E+03  9.263E+04
  7.090000E+03  9.241E+04
  7.110000E+03  9.169E+04
  7.130000E+03  9.093E+04
  7.150000E+03  9.025E+04
  7.170000E+03  8.958E+04
  7.190000E+03  8.878E+04
  7.210000E+03  8.815E+04
  7.230000E+03  8.749E+04
  7.250000E+03  8.690E+04
  7.270000E+03  8.624E+04
  7.290000E+03  8.528E+04
  7.310000E+03  8.487E+04
  7.330000E+03  8.424E+04
  7.350000E+03  8.364E+04
  7.370000E+03  8.304E+04
  7.390000E+03  8.233E+04
  7.410000E+03  8.154E+04
  7.430000E+03  8.107E+04
  7.450000E+03  8.049E+04
  7.470000E+03  7.990E+04
  7.490000E+03  7.927E+04
  7.510000E+03  7.866E+04
  7.530000E+03  7.812E+04
  7.550000E+03  7.757E+04
  7.570000E+03  7.696E+04
  7.590000E+03  7.634E+04
  7.610000E+03  7.580E+04
  7.630000E+03  7.525E+04
  7.650000E+03  7.470E+04
  7.670000E+03  7.400E+04
  7.690000E+03  7.360E+04
  7.710000E+03  7.291E+04
  7.730000E+03  7.246E+04
  7.750000E+03  7.190E+04
  7.770000E+03  7.127E+04
  7.790000E+03  7.090E+04
  7.810000E+03  7.039E+04
  7.830000E+03  6.983E+04
  7.850000E+03  6.933E+04
  7.870000E+03  6.882E+04
  7.890000E+03  6.830E+04
  7.910000E+03  6.781E+04
  7.930000E+03  6.724E+04
  7.950000E+03  6.676E+04
  7.970000E+03  6.637E+04
  7.990000E+03  6.589E+04
  8.010000E+03  6.535E+04
  8.030000E+03  6.494E+04
  8.050000E+03  6.442E+04
  8.070000E+03  6.403E+04
  8.090000E+03  6.349E+04
  8.110000E+03  6.309E+04
  8.130000E+03  6.267E+04
  8.150000E+03  6.219E+04
  8.170000E+03  6.177E+04
  8.190000E+03  6.118E+04
  8.210000E+03  6.078E+04
  8.230000E+03  6.035E+04
  8.250000E+03  5.998E+04
  8.270000E+03  5.948E+04
  8.290000E+03  5.895E+04
  8.310000E+03  5.828E+04
  8.330000E+03  5.752E+04
  8.350000E+03  5.731E+04
  8.370000E+03  5.652E+04
  8.390000E+03  5.628E+04
  8.410000E+03  5.609E+04
  8.430000E+03  5.632E+04
  8.450000E+03  5.604E+04
  8.470000E+03  5.439E+04
  8.490000E+03  5.643E+04
  8.510000E+03  5.319E+04
  8.530000E+03  5.626E+04
  8.550000E+03  5.077E+04
  8.570000E+03  5.633E+04
  8.590000E+03  5.354E+04
  8.610000E+03  5.257E+04
  8.630000E+03  5.567E+04
  8.650000E+03  5.420E+04
  8.670000E+03  4.834E+04
  8.690000E+03  5.412E+04
  8.710000E+03  5.458E+04
  8.730000E+03  5.341E+04
  8.750000E+03  4.804E+04
  8.770000E+03  5.201E+04
  8.790000E+03  5.317E+04
  8.810000E+03  5.285E+04
  8.830000E+03  5.225E+04
  8.850000E+03  5.003E+04
  8.870000E+03  4.619E+04
  8.890000E+03  5.085E+04
  8.910000E+03  5.116E+04
  8.930000E+03  5.091E+04
  8.950000E+03  5.063E+04
  8.970000E+03  5.019E+04
  8.990000E+03  4.920E+04
  9.010000E+03  4.443E+04
  9.030000E+03  4.650E+04
  9.050000E+03  4.854E+04
  9.070000E+03  4.836E+04
  9.090000E+03  4.802E+04
  9.110000E+03  4.797E+04
  9.130000E+03  4.773E+04
  9.150000E+03  4.741E+04
  9.170000E+03  4.699E+04
  9.190000E+03  4.650E+04
  9.210000E+03  4.510E+04
  9.230000E+03  4.050E+04
  9.250000E+03  4.425E+04
  9.270000E+03  4.512E+04
  9.290000E+03  4.516E+04
  9.310000E+03  4.490E+04
  9.330000E+03  4.467E+04
  9.350000E+03  4.435E+04
  9.370000E+03  4.406E+04
  9.390000E+03  4.380E+04
  9.410000E+03  4.332E+04
  9.430000E+03  4.321E+04
  9.450000E+03  4.290E+04
  9.470000E+03  4.256E+04
  9.490000E+03  4.227E+04
  9.510000E+03  4.167E+04
  9.530000E+03  4.036E+04
  9.550000E+03  3.663E+04
  9.570000E+03  4.022E+04
  9.590000E+03  4.074E+04
  9.610000E+03  4.060E+04
  9.630000E+03  4.033E+04
  9.650000E+03  4.017E+04
  9.670000E+03  3.988E+04
  9.690000E+03  3.970E+04
  9.710000E+03  3.943E+04
  9.730000E+03  3.921E+04
  9.750000E+03  3.893E+04
  9.770000E+03  3.870E+04
  9.790000E+03  3.845E+04
  9.810000E+03  3.823E+04
  9.830000E+03  3.799E+04
  9.850000E+03  3.774E+04
  9.870000E+03  3.749E+04
  9.890000E+03  3.723E+04
  9.910000E+03  3.701E+04
  9.930000E+03  3.678E+04
  9.950000E+03  3.655E+04
  9.970000E+03  3.630E+04
  9.990000E+03  3.601E+04
  1.002500E+04  3.464E+04
  1.007500E+04  3.359E+04
  1.012500E+04  3.450E+04
  1.017500E+04  3.407E+04
  1.022500E+04  3.356E+04
  1.027500E+04  3.307E+04
  1.032500E+04  3.249E+04
  1.037500E+04  3.207E+04
  1.042500E+04  3.160E+04
  1.047500E+04  3.110E+04
  1.052500E+04  3.067E+04
  1.057500E+04  3.021E+04
  1.062500E+04  2.974E+04
  1.067500E+04  2.921E+04
  1.072500E+04  2.887E+04
  1.077500E+04  2.844E+04
  1.082500E+04  2.790E+04
  1.087500E+04  2.756E+04
  1.092500E+04  2.573E+04
  1.097500E+04  2.644E+04
  1.102500E+04  2.647E+04
  1.107500E+04  2.616E+04
  1.112500E+04  2.579E+04
  1.117500E+04  2.543E+04
  1.122500E+04  2.510E+04
  1.127500E+04  2.472E+04
  1.132500E+04  2.439E+04
  1.137500E+04  2.407E+04
  1.142500E+04  2.372E+04
  1.147500E+04  2.345E+04
  1.152500E+04  2.314E+04
  1.157500E+04  2.283E+04
  1.162500E+04  2.246E+04
  1.167500E+04  2.220E+04
  1.172500E+04  2.195E+04
  1.177500E+04  2.160E+04
  1.182500E+04  2.133E+04
  1.187500E+04  2.103E+04
  1.192500E+04  2.085E+04
  1.197500E+04  2.047E+04
  1.202500E+04  2.031E+04
  1.207500E+04  2.003E+04
  1.212500E+04  1.982E+04
  1.217500E+04  1.958E+04
  1.222500E+04  1.934E+04
  1.227500E+04  1.910E+04
  1.232500E+04  1.887E+04
  1.237500E+04  1.865E+04
  1.242500E+04  1.843E+04
  1.247500E+04  1.821E+04
  1.252500E+04  1.799E+04
  1.257500E+04  1.778E+04
  1.262500E+04  1.757E+04
  1.267500E+04  1.737E+04
  1.272500E+04  1.716E+04
  1.277500E+04  1.683E+04
  1.282500E+04  1.584E+04
  1.287500E+04  1.651E+04
  1.292500E+04  1.640E+04
  1.297500E+04  1.622E+04
  1.302500E+04  1.605E+04
  1.307500E+04  1.588E+04
  1.312500E+04  1.570E+04
  1.317500E+04  1.552E+04
  1.322500E+04  1.537E+04
  1.327500E+04  1.519E+04
  1.332500E+04  1.504E+04
  1.337500E+04  1.488E+04
  1.342500E+04  1.473E+04
  1.347500E+04  1.458E+04
  1.352500E+04  1.442E+04
  1.357500E+04  1.427E+04
  1.362500E+04  1.412E+04
  1.367500E+04  1.398E+04
  1.372500E+04  1.383E+04
  1.377500E+04  1.370E+04
  1.382500E+04  1.357E+04
  1.387500E+04  1.343E+04
  1.392500E+04  1.330E+04
  1.397500E+04  1.317E+04
  1.402500E+04  1.304E+04
  1.407500E+04  1.292E+04
  1.412500E+04  1.279E+04
  1.417500E+04  1.267E+04
  1.422500E+04  1.254E+04
  1.427500E+04  1.241E+04
  1.432500E+04  1.231E+04
  1.437500E+04  1.220E+04
  1.442500E+04  1.204E+04
  1.447500E+04  1.197E+04
  1.452500E+04  1.183E+04
  1.457000E+04  1.175E+04
  1.462000E+04  1.166E+04
  1.467500E+04  1.155E+04
  1.472500E+04  1.143E+04
  1.477500E+04  1.132E+04
  1.482500E+04  1.121E+04
  1.487500E+04  1.106E+04
  1.492500E+04  1.099E+04
  1.497500E+04  1.089E+04
  1.502500E+04  1.071E+04
  1.507500E+04  1.065E+04
  1.512500E+04  1.058E+04
  1.517500E+04  1.051E+04
  1.522500E+04  1.049E+04
  1.527500E+04  1.028E+04
  1.532500E+04  1.021E+04
  1.537500E+04  1.024E+04
  1.542500E+04  9.996E+03
  1.547500E+04  1.009E+04
  1.552500E+04  1.002E+04
  1.557500E+04  9.689E+03
  1.562500E+04  9.921E+03
  1.567500E+04  9.710E+03
  1.572500E+04  9.453E+03
  1.577500E+04  9.644E+03
  1.582500E+04  9.571E+03
  1.587500E+04  9.085E+03
  1.592500E+04  9.369E+03
  1.597500E+04  9.362E+03
  1.605000E+04  9.189E+03
  1.615000E+04  8.851E+03
  1.625000E+04  8.915E+03
  1.635000E+04  8.681E+03
  1.645000E+04  8.342E+03
  1.655000E+04  8.399E+03
  1.665000E+04  8.227E+03
  1.675000E+04  7.991E+03
  1.685000E+04  7.674E+03
  1.695000E+04  7.734E+03
  1.705000E+04  7.569E+03
  1.715000E+04  7.424E+03
  1.725000E+04  7.262E+03
  1.735000E+04  6.891E+03
  1.745000E+04  6.958E+03
  1.755000E+04  6.847E+03
  1.765000E+04  6.711E+03
  1.775000E+04  6.581E+03
  1.785000E+04  6.453E+03
  1.795000E+04  6.328E+03
  1.805000E+04  6.198E+03
  1.815000E+04  5.899E+03
  1.825000E+04  5.932E+03
  1.835000E+04  5.851E+03
  1.845000E+04  5.736E+03
  1.855000E+04  5.630E+03
  1.865000E+04  5.509E+03
  1.875000E+04  5.218E+03
  1.885000E+04  5.307E+03
  1.895000E+04  5.206E+03
  1.905000E+04  5.120E+03
  1.915000E+04  5.026E+03
  1.925000E+04  4.933E+03
  1.935000E+04  4.831E+03
  1.945000E+04  4.597E+03
  1.955000E+04  4.655E+03
  1.965000E+04  4.581E+03
  1.975000E+04  4.493E+03
  1.985000E+04  4.418E+03
  1.995000E+04  4.339E+03
  2.005000E+04  4.263E+03
  2.015000E+04  4.188E+03
  2.025000E+04  4.112E+03
  2.035000E+04  4.037E+03
  2.045000E+04  3.970E+03
  2.055000E+04  3.899E+03
  2.065000E+04  3.829E+03
  2.075000E+04  3.764E+03
  2.085000E+04  3.700E+03
  2.095000E+04  3.634E+03
  2.105000E+04  3.574E+03
  2.115000E+04  3.511E+03
  2.125000E+04  3.453E+03
  2.135000E+04  3.394E+03
  2.145000E+04  3.337E+03
  2.155000E+04  3.277E+03
  2.165000E+04  3.129E+03
  2.175000E+04  3.163E+03
  2.185000E+04  3.117E+03
  2.195000E+04  3.069E+03
  2.205000E+04  3.016E+03
  2.215000E+04  2.968E+03
  2.225000E+04  2.920E+03
  2.235000E+04  2.872E+03
  2.245000E+04  2.826E+03
  2.255000E+04  2.779E+03
  2.265000E+04  2.735E+03
  2.275000E+04  2.692E+03
  2.285000E+04  2.650E+03
  2.295000E+04  2.592E+03
  2.305000E+04  2.559E+03
  2.315000E+04  2.520E+03
  2.325000E+04  2.463E+03
  2.335000E+04  2.435E+03
  2.345000E+04  2.399E+03
  2.355000E+04  2.346E+03
  2.365000E+04  2.319E+03
  2.375000E+04  2.289E+03
  2.385000E+04  2.240E+03
  2.395000E+04  2.214E+03
  2.405000E+04  2.181E+03
  2.415000E+04  2.138E+03
  2.425000E+04  2.122E+03
  2.435000E+04  2.082E+03
  2.445000E+04  2.046E+03
  2.455000E+04  2.026E+03
  2.465000E+04  1.994E+03
  2.475000E+04  1.962E+03
  2.485000E+04  1.942E+03
  2.495000E+04  1.894E+03
  2.505000E+04  1.896E+03
  2.515000E+04  1.861E+03
  2.525000E+04  1.810E+03
  2.535000E+04  1.810E+03
  2.545000E+04  1.786E+03
  2.555000E+04  1.757E+03
  2.565000E+04  1.705E+03
  2.575000E+04  1.710E+03
  2.585000E+04  1.685E+03
  2.595000E+04  1.664E+03
  2.605000E+04  1.635E+03
  2.615000E+04  1.586E+03
  2.625000E+04  1.546E+03
  2.635000E+04  1.568E+03
  2.645000E+04  1.551E+03
  2.655000E+04  1.529E+03
  2.665000E+04  1.503E+03
  2.675000E+04  1.458E+03
  2.685000E+04  1.466E+03
  2.695000E+04  1.448E+03
  2.705000E+04  1.429E+03
  2.715000E+04  1.410E+03
  2.725000E+04  1.391E+03
  2.735000E+04  1.372E+03
  2.745000E+04  1.352E+03
  2.755000E+04  1.309E+03
  2.765000E+04  1.310E+03
  2.775000E+04  1.300E+03
  2.785000E+04  1.283E+03
  2.795000E+04  1.266E+03
  2.805000E+04  1.250E+03
  2.815000E+04  1.233E+03
  2.825000E+04  1.217E+03
  2.835000E+04  1.201E+03
  2.845000E+04  1.185E+03
  2.855000E+04  1.169E+03
  2.865000E+04  1.150E+03
  2.875000E+04  1.114E+03
  2.885000E+04  1.124E+03
  2.895000E+04  1.111E+03
  2.905000E+04  1.097E+03
  2.915000E+04  1.083E+03
  2.925000E+04  1.069E+03
  2.935000E+04  1.056E+03
  2.945000E+04  1.042E+03
  2.955000E+04  1.029E+03
  2.965000E+04  1.016E+03
  2.975000E+04  1.004E+03
  2.985000E+04  9.911E+02
  2.995000E+04  9.788E+02
  3.005000E+04  9.666E+02
  3.015000E+04  9.547E+02
  3.025000E+04  9.420E+02
  3.035000E+04  9.136E+02
  3.045000E+04  9.120E+02
  3.055000E+04  9.081E+02
  3.065000E+04  8.976E+02
  3.075000E+04  8.869E+02
  3.085000E+04  8.761E+02
  3.095000E+04  8.656E+02
  3.105000E+04  8.552E+02
  3.115000E+04  8.442E+02
  3.125000E+04  8.348E+02
  3.135000E+04  8.250E+02
  3.145000E+04  8.151E+02
  3.155000E+04  8.053E+02
  3.165000E+04  7.960E+02
  3.175000E+04  7.867E+02
  3.185000E+04  7.775E+02
  3.195000E+04  7.684E+02
  3.210000E+04  7.549E+02
  3.230000E+04  7.375E+02
  3.250000E+04  7.206E+02
  3.270000E+04  7.040E+02
  3.290000E+04  6.784E+02
  3.310000E+04  6.706E+02
  3.330000E+04  6.571E+02
  3.350000E+04  6.426E+02
  3.370000E+04  6.284E+02
  3.390000E+04  6.143E+02
  3.410000E+04  6.008E+02
  3.430000E+04  5.878E+02
  3.450000E+04  5.750E+02
  3.470000E+04  5.626E+02
  3.490000E+04  5.504E+02
  3.510000E+04  5.387E+02
  3.530000E+04  5.272E+02
  3.550000E+04  5.159E+02
  3.570000E+04  5.047E+02
  3.590000E+04  4.954E+02
  3.610000E+04  4.836E+02
  3.630000E+04  4.752E+02
  3.650000E+04  4.636E+02
  3.670000E+04  4.560E+02
  3.690000E+04  4.444E+02
  3.710000E+04  4.373E+02
  3.730000E+04  4.264E+02
  3.750000E+04  4.140E+02
  3.770000E+04  4.117E+02
  3.790000E+04  4.037E+02
  3.810000E+04  3.939E+02
  3.830000E+04  3.868E+02
  3.850000E+04  3.804E+02
  3.870000E+04  3.729E+02
  3.890000E+04  3.654E+02
  3.910000E+04  3.559E+02
  3.930000E+04  3.516E+02
  3.950000E+04  3.450E+02
  3.970000E+04  3.385E+02
  3.990000E+04  3.319E+02
  4.010000E+04  3.245E+02
  4.030000E+04  3.174E+02
  4.050000E+04  3.094E+02
  4.070000E+04  3.075E+02
  4.090000E+04  3.020E+02
  4.110000E+04  2.964E+02
  4.130000E+04  2.909E+02
  4.150000E+04  2.854E+02
  4.170000E+04  2.777E+02
  4.190000E+04  2.751E+02
  4.210000E+04  2.702E+02
  4.230000E+04  2.655E+02
  4.250000E+04  2.607E+02
  4.270000E+04  2.560E+02
  4.290000E+04  2.500E+02
  4.310000E+04  2.446E+02
  4.330000E+04  2.409E+02
  4.350000E+04  2.350E+02
  4.370000E+04  2.287E+02
  4.390000E+04  2.265E+02
  4.410000E+04  2.215E+02
  4.430000E+04  2.182E+02
  4.450000E+04  2.144E+02
  4.470000E+04  2.097E+02
  4.490000E+04  2.071E+02
  4.510000E+04  2.033E+02
  4.530000E+04  1.990E+02
  4.550000E+04  1.962E+02
  4.570000E+04  1.933E+02
  4.590000E+04  1.891E+02
  4.610000E+04  1.866E+02
  4.630000E+04  1.833E+02
  4.650000E+04  1.784E+02
  4.670000E+04  1.758E+02
  4.690000E+04  1.746E+02
  4.710000E+04  1.722E+02
  4.730000E+04  1.700E+02
  4.750000E+04  1.669E+02
  4.770000E+04  1.644E+02
  4.790000E+04  1.620E+02
  4.810000E+04  1.590E+02
  4.830000E+04  1.570E+02
  4.850000E+04  1.545E+02
  4.870000E+04  1.519E+02
  4.890000E+04  1.496E+02
  4.910000E+04  1.473E+02
  4.930000E+04  1.450E+02
  4.950000E+04  1.428E+02
  4.970000E+04  1.406E+02
  4.990000E+04  1.386E+02
  5.010000E+04  1.366E+02
  5.030000E+04  1.345E+02
  5.050000E+04  1.322E+02
  5.070000E+04  1.303E+02
  5.090000E+04  1.285E+02
  5.110000E+04  1.263E+02
  5.130000E+04  1.232E+02
  5.150000E+04  1.226E+02
  5.170000E+04  1.212E+02
  5.190000E+04  1.192E+02
  5.210000E+04  1.175E+02
  5.230000E+04  1.157E+02
  5.250000E+04  1.142E+02
  5.270000E+04  1.127E+02
  5.290000E+04  1.108E+02
  5.310000E+04  1.093E+02
  5.330000E+04  1.077E+02
  5.350000E+04  1.063E+02
  5.370000E+04  1.048E+02
  5.390000E+04  1.033E+02
  5.410000E+04  1.019E+02
  5.430000E+04  1.003E+02
  5.450000E+04  9.905E+01
  5.470000E+04  9.767E+01
  5.490000E+04  9.625E+01
  5.510000E+04  9.499E+01
  5.530000E+04  9.383E+01
  5.550000E+04  9.231E+01
  5.570000E+04  9.126E+01
  5.590000E+04  8.991E+01
  5.610000E+04  8.869E+01
  5.630000E+04  8.747E+01
  5.650000E+04  8.640E+01
  5.670000E+04  8.523E+01
  5.690000E+04  8.399E+01
  5.710000E+04  8.297E+01
  5.730000E+04  8.185E+01
  5.750000E+04  8.076E+01
  5.770000E+04  7.968E+01
  5.790000E+04  7.868E+01
  5.810000E+04  7.760E+01
  5.830000E+04  7.660E+01
  5.850000E+04  7.566E+01
  5.870000E+04  7.463E+01
  5.890000E+04  7.357E+01
  5.910000E+04  7.186E+01
  5.930000E+04  7.173E+01
  5.950000E+04  7.085E+01
  5.970000E+04  6.998E+01
  5.990000E+04  6.909E+01
  6.010000E+04  6.821E+01
  6.030000E+04  6.733E+01
  6.050000E+04  6.646E+01
  6.070000E+04  6.562E+01
  6.090000E+04  6.480E+01
  6.110000E+04  6.397E+01
  6.130000E+04  6.318E+01
  6.150000E+04  6.239E+01
  6.170000E+04  6.162E+01
  6.190000E+04  6.086E+01
  6.210000E+04  6.011E+01
  6.230000E+04  5.935E+01
  6.250000E+04  5.861E+01
  6.270000E+04  5.789E+01
  6.290000E+04  5.718E+01
  6.310000E+04  5.648E+01
  6.330000E+04  5.581E+01
  6.350000E+04  5.511E+01
  6.370000E+04  5.446E+01
  6.390000E+04  5.378E+01
  6.420000E+04  5.282E+01
  6.460000E+04  5.155E+01
  6.500000E+04  5.033E+01
  6.540000E+04  4.915E+01
  6.580000E+04  4.799E+01
  6.620000E+04  4.687E+01
  6.660000E+04  4.578E+01
  6.700000E+04  4.473E+01
  6.740000E+04  4.370E+01
  6.780000E+04  4.270E+01
  6.820000E+04  4.173E+01
  6.860000E+04  4.079E+01
  6.900000E+04  3.987E+01
  6.940000E+04  3.898E+01
  6.980000E+04  3.811E+01
  7.020000E+04  3.727E+01
  7.060000E+04  3.645E+01
  7.100000E+04  3.565E+01
  7.140000E+04  3.487E+01
  7.180000E+04  3.412E+01
  7.220000E+04  3.339E+01
  7.260000E+04  3.267E+01
  7.300000E+04  3.198E+01
  7.340000E+04  3.130E+01
  7.380000E+04  3.064E+01
  7.420000E+04  2.999E+01
  7.460000E+04  2.914E+01
  7.500000E+04  2.855E+01
  7.540000E+04  2.816E+01
  7.580000E+04  2.759E+01
  7.620000E+04  2.703E+01
  7.660000E+04  2.648E+01
  7.700000E+04  2.594E+01
  7.740000E+04  2.542E+01
  7.780000E+04  2.491E+01
  7.820000E+04  2.441E+01
  7.860000E+04  2.393E+01
  7.900000E+04  2.346E+01
  7.940000E+04  2.300E+01
  7.980000E+04  2.255E+01
  8.020000E+04  2.211E+01
  8.060000E+04  2.168E+01
  8.100000E+04  2.126E+01
  8.140000E+04  2.085E+01
  8.180000E+04  2.046E+01
  8.220000E+04  2.007E+01
  8.260000E+04  1.969E+01
  8.300000E+04  1.932E+01
  8.340000E+04  1.896E+01
  8.380000E+04  1.860E+01
  8.420000E+04  1.826E+01
  8.460000E+04  1.792E+01
  8.500000E+04  1.759E+01
  8.540000E+04  1.727E+01
  8.580000E+04  1.696E+01
  8.620000E+04  1.665E+01
  8.660000E+04  1.635E+01
  8.700000E+04  1.605E+01
  8.740000E+04  1.577E+01
  8.780000E+04  1.549E+01
  8.820000E+04  1.521E+01
  8.860000E+04  1.494E+01
  8.900000E+04  1.468E+01
  8.940000E+04  1.442E+01
  8.980000E+04  1.417E+01
  9.020000E+04  1.393E+01
  9.060000E+04  1.368E+01
  9.100000E+04  1.345E+01
  9.140000E+04  1.322E+01
  9.180000E+04  1.299E+01
  9.220000E+04  1.277E+01
  9.260000E+04  1.256E+01
  9.300000E+04  1.235E+01
  9.340000E+04  1.214E+01
  9.380000E+04  1.194E+01
  9.420000E+04  1.174E+01
  9.460000E+04  1.154E+01
  9.500000E+04  1.135E+01
  9.540000E+04  1.117E+01
  9.580000E+04  1.098E+01
  9.620000E+04  1.080E+01
  9.660000E+04  1.063E+01
  9.700000E+04  1.046E+01
  9.740000E+04  1.029E+01
  9.780000E+04  1.012E+01
  9.820000E+04  9.961E+00
  9.860000E+04  9.803E+00
  9.900000E+04  9.647E+00
  9.940000E+04  9.495E+00
  9.980000E+04  9.346E+00
  1.002000E+05  9.199E+00
  2.000000E+05  5.938E-01
  4.000000E+05  3.738E-02
  6.000000E+05  7.369E-03
  8.000000E+05  2.323E-03
  1.000000E+06  9.476E-04
  1.200000E+06  4.552E-04
  1.400000E+06  2.448E-04
  1.600000E+06  1.430E-04
