# Output file name = /disk1/raab/ultravista/nebularemission/bc2003_lr_m42_chab_const_100Myr.ascii
# Input file name  = models/constant/bc2003_lr_m42_chab_const.ised
# Column           2
# Record          116
# Age (yr)      1.015E+08
# Lambda(A)       Flux   
  9.100000E+01  1.011E+05
  9.400000E+01  1.075E+05
  9.600000E+01  1.106E+05
  9.800000E+01  1.300E+05
  1.000000E+02  1.666E+05
  1.020000E+02  1.693E+05
  1.040000E+02  1.701E+05
  1.060000E+02  1.719E+05
  1.080000E+02  1.733E+05
  1.100000E+02  1.785E+05
  1.140000E+02  1.808E+05
  1.180000E+02  1.819E+05
  1.210000E+02  2.007E+05
  1.250000E+02  2.029E+05
  1.270000E+02  2.047E+05
  1.280000E+02  2.053E+05
  1.310000E+02  2.059E+05
  1.320000E+02  2.086E+05
  1.340000E+02  2.074E+05
  1.370000E+02  2.122E+05
  1.400000E+02  2.125E+05
  1.430000E+02  2.282E+05
  1.470000E+02  2.422E+05
  1.510000E+02  2.346E+05
  1.550000E+02  2.457E+05
  1.590000E+02  2.475E+05
  1.620000E+02  2.487E+05
  1.660000E+02  2.507E+05
  1.700000E+02  2.523E+05
  1.730000E+02  2.485E+05
  1.770000E+02  2.554E+05
  1.800000E+02  2.567E+05
  1.820000E+02  2.577E+05
  1.860000E+02  2.591E+05
  1.910000E+02  2.606E+05
  1.940000E+02  2.621E+05
  1.980000E+02  2.636E+05
  2.020000E+02  2.651E+05
  2.050000E+02  2.661E+05
  2.100000E+02  2.632E+05
  2.160000E+02  2.696E+05
  2.200000E+02  2.713E+05
  2.230000E+02  2.713E+05
  2.270000E+02  2.736E+05
  2.300000E+02  3.497E+05
  2.340000E+02  7.923E+05
  2.400000E+02  2.451E+06
  2.460000E+02  2.402E+06
  2.520000E+02  2.611E+06
  2.570000E+02  1.095E+06
  2.600000E+02  2.590E+06
  2.640000E+02  3.266E+06
  2.690000E+02  3.329E+06
  2.740000E+02  3.294E+06
  2.790000E+02  3.188E+06
  2.840000E+02  3.276E+06
  2.900000E+02  3.095E+06
  2.960000E+02  2.854E+06
  3.010000E+02  1.702E+06
  3.080000E+02  2.289E+06
  3.180000E+02  3.295E+06
  3.280000E+02  3.317E+06
  3.380000E+02  3.259E+06
  3.480000E+02  3.177E+06
  3.570000E+02  3.254E+06
  3.660000E+02  3.419E+06
  3.750000E+02  3.332E+06
  3.850000E+02  3.117E+06
  3.950000E+02  3.252E+06
  4.050000E+02  3.302E+06
  4.140000E+02  3.234E+06
  4.220000E+02  3.119E+06
  4.300000E+02  3.005E+06
  4.410000E+02  3.037E+06
  4.510000E+02  2.992E+06
  4.600000E+02  2.855E+06
  4.700000E+02  2.792E+06
  4.800000E+02  2.803E+06
  4.900000E+02  2.640E+06
  5.000000E+02  2.701E+06
  5.060000E+02  2.770E+06
  5.120000E+02  3.614E+06
  5.200000E+02  3.465E+06
  5.300000E+02  3.282E+06
  5.400000E+02  3.019E+06
  5.500000E+02  2.967E+06
  5.600000E+02  3.257E+06
  5.700000E+02  3.279E+06
  5.800000E+02  3.140E+06
  5.900000E+02  3.136E+06
  6.000000E+02  2.906E+06
  6.100000E+02  2.650E+06
  6.200000E+02  3.087E+06
  6.300000E+02  2.981E+06
  6.400000E+02  3.003E+06
  6.500000E+02  2.914E+06
  6.580000E+02  2.789E+06
  6.650000E+02  2.874E+06
  6.750000E+02  2.894E+06
  6.850000E+02  2.671E+06
  6.950000E+02  2.791E+06
  7.050000E+02  2.535E+06
  7.160000E+02  2.751E+06
  7.260000E+02  2.712E+06
  7.350000E+02  2.691E+06
  7.450000E+02  2.612E+06
  7.550000E+02  2.565E+06
  7.650000E+02  2.349E+06
  7.750000E+02  2.489E+06
  7.850000E+02  2.418E+06
  7.950000E+02  2.421E+06
  8.050000E+02  2.393E+06
  8.150000E+02  2.372E+06
  8.250000E+02  2.357E+06
  8.350000E+02  2.069E+06
  8.450000E+02  2.275E+06
  8.550000E+02  2.231E+06
  8.650000E+02  2.231E+06
  8.750000E+02  2.204E+06
  8.850000E+02  2.176E+06
  8.950000E+02  2.151E+06
  9.050000E+02  2.102E+06
  9.150000E+02  2.096E+06
  9.250000E+02  4.410E+06
  9.350000E+02  6.567E+06
  9.450000E+02  8.947E+06
  9.550000E+02  1.007E+07
  9.650000E+02  1.128E+07
  9.750000E+02  5.704E+06
  9.850000E+02  1.052E+07
  9.950000E+02  9.786E+06
  1.005000E+03  1.081E+07
  1.015000E+03  1.039E+07
  1.025000E+03  6.382E+06
  1.035000E+03  9.245E+06
  1.045000E+03  1.140E+07
  1.055000E+03  1.104E+07
  1.065000E+03  9.920E+06
  1.075000E+03  1.039E+07
  1.085000E+03  9.103E+06
  1.095000E+03  1.023E+07
  1.105000E+03  9.721E+06
  1.115000E+03  9.524E+06
  1.125000E+03  8.729E+06
  1.135000E+03  9.387E+06
  1.145000E+03  8.868E+06
  1.155000E+03  8.818E+06
  1.165000E+03  8.721E+06
  1.175000E+03  6.949E+06
  1.185000E+03  8.205E+06
  1.195000E+03  7.422E+06
  1.205000E+03  6.548E+06
  1.215000E+03  4.314E+06
  1.225000E+03  6.603E+06
  1.235000E+03  7.489E+06
  1.245000E+03  7.567E+06
  1.255000E+03  7.388E+06
  1.265000E+03  7.115E+06
  1.275000E+03  7.403E+06
  1.285000E+03  7.344E+06
  1.295000E+03  6.722E+06
  1.305000E+03  6.666E+06
  1.315000E+03  6.997E+06
  1.325000E+03  6.724E+06
  1.335000E+03  6.418E+06
  1.345000E+03  6.575E+06
  1.355000E+03  6.427E+06
  1.365000E+03  6.123E+06
  1.375000E+03  6.040E+06
  1.385000E+03  5.982E+06
  1.395000E+03  5.144E+06
  1.405000E+03  5.030E+06
  1.415000E+03  5.598E+06
  1.425000E+03  5.390E+06
  1.435000E+03  5.439E+06
  1.442000E+03  5.447E+06
  1.447000E+03  5.390E+06
  1.455000E+03  5.254E+06
  1.465000E+03  5.077E+06
  1.475000E+03  5.010E+06
  1.485000E+03  4.956E+06
  1.495000E+03  4.862E+06
  1.505000E+03  4.695E+06
  1.512000E+03  4.462E+06
  1.517000E+03  4.514E+06
  1.525000E+03  4.461E+06
  1.535000E+03  4.081E+06
  1.545000E+03  3.872E+06
  1.555000E+03  3.789E+06
  1.565000E+03  3.957E+06
  1.575000E+03  4.056E+06
  1.585000E+03  4.043E+06
  1.595000E+03  4.026E+06
  1.605000E+03  3.870E+06
  1.615000E+03  3.794E+06
  1.625000E+03  3.734E+06
  1.635000E+03  3.766E+06
  1.645000E+03  3.688E+06
  1.655000E+03  3.653E+06
  1.665000E+03  3.685E+06
  1.672000E+03  3.513E+06
  1.677000E+03  3.695E+06
  1.685000E+03  3.645E+06
  1.695000E+03  3.530E+06
  1.705000E+03  3.428E+06
  1.715000E+03  3.307E+06
  1.725000E+03  3.245E+06
  1.735000E+03  3.307E+06
  1.745000E+03  3.230E+06
  1.755000E+03  3.236E+06
  1.765000E+03  3.120E+06
  1.775000E+03  3.087E+06
  1.785000E+03  3.079E+06
  1.795000E+03  3.077E+06
  1.805000E+03  3.053E+06
  1.815000E+03  2.918E+06
  1.825000E+03  2.918E+06
  1.835000E+03  2.859E+06
  1.845000E+03  2.708E+06
  1.855000E+03  2.676E+06
  1.865000E+03  2.681E+06
  1.875000E+03  2.713E+06
  1.885000E+03  2.557E+06
  1.895000E+03  2.463E+06
  1.905000E+03  2.540E+06
  1.915000E+03  2.450E+06
  1.925000E+03  2.372E+06
  1.935000E+03  2.425E+06
  1.945000E+03  2.444E+06
  1.955000E+03  2.301E+06
  1.967000E+03  2.372E+06
  1.976000E+03  2.403E+06
  1.984000E+03  2.304E+06
  1.995000E+03  2.245E+06
  2.005000E+03  2.259E+06
  2.015000E+03  2.229E+06
  2.025000E+03  2.249E+06
  2.035000E+03  2.152E+06
  2.045000E+03  2.143E+06
  2.055000E+03  1.945E+06
  2.065000E+03  2.009E+06
  2.074000E+03  2.127E+06
  2.078000E+03  2.050E+06
  2.085000E+03  2.065E+06
  2.095000E+03  1.993E+06
  2.105000E+03  2.006E+06
  2.115000E+03  1.997E+06
  2.125000E+03  1.992E+06
  2.135000E+03  1.944E+06
  2.145000E+03  1.905E+06
  2.155000E+03  1.922E+06
  2.165000E+03  1.877E+06
  2.175000E+03  1.860E+06
  2.185000E+03  1.825E+06
  2.195000E+03  1.836E+06
  2.205000E+03  1.801E+06
  2.215000E+03  1.759E+06
  2.225000E+03  1.727E+06
  2.235000E+03  1.730E+06
  2.245000E+03  1.702E+06
  2.255000E+03  1.661E+06
  2.265000E+03  1.661E+06
  2.275000E+03  1.650E+06
  2.285000E+03  1.638E+06
  2.295000E+03  1.580E+06
  2.305000E+03  1.575E+06
  2.315000E+03  1.549E+06
  2.325000E+03  1.410E+06
  2.335000E+03  1.496E+06
  2.345000E+03  1.471E+06
  2.355000E+03  1.475E+06
  2.365000E+03  1.439E+06
  2.375000E+03  1.429E+06
  2.385000E+03  1.385E+06
  2.395000E+03  1.397E+06
  2.405000E+03  1.370E+06
  2.415000E+03  1.360E+06
  2.425000E+03  1.360E+06
  2.435000E+03  1.327E+06
  2.445000E+03  1.329E+06
  2.455000E+03  1.313E+06
  2.465000E+03  1.294E+06
  2.475000E+03  1.273E+06
  2.485000E+03  1.270E+06
  2.495000E+03  1.180E+06
  2.505000E+03  1.246E+06
  2.513000E+03  1.192E+06
  2.518000E+03  1.218E+06
  2.525000E+03  1.199E+06
  2.535000E+03  1.186E+06
  2.545000E+03  1.167E+06
  2.555000E+03  1.172E+06
  2.565000E+03  1.157E+06
  2.575000E+03  1.158E+06
  2.585000E+03  1.146E+06
  2.595000E+03  1.132E+06
  2.605000E+03  1.113E+06
  2.615000E+03  1.100E+06
  2.625000E+03  1.094E+06
  2.635000E+03  1.085E+06
  2.645000E+03  1.094E+06
  2.655000E+03  1.083E+06
  2.665000E+03  1.057E+06
  2.675000E+03  1.054E+06
  2.685000E+03  1.046E+06
  2.695000E+03  1.024E+06
  2.705000E+03  1.019E+06
  2.715000E+03  1.002E+06
  2.725000E+03  9.900E+05
  2.735000E+03  9.858E+05
  2.745000E+03  9.586E+05
  2.755000E+03  9.520E+05
  2.765000E+03  9.475E+05
  2.775000E+03  9.513E+05
  2.785000E+03  9.382E+05
  2.795000E+03  8.932E+05
  2.805000E+03  9.027E+05
  2.815000E+03  9.167E+05
  2.825000E+03  9.052E+05
  2.835000E+03  8.857E+05
  2.845000E+03  8.803E+05
  2.855000E+03  8.718E+05
  2.865000E+03  8.718E+05
  2.875000E+03  8.606E+05
  2.885000E+03  8.545E+05
  2.895000E+03  8.453E+05
  2.910000E+03  8.402E+05
  2.930000E+03  8.207E+05
  2.950000E+03  8.013E+05
  2.970000E+03  7.908E+05
  2.990000E+03  7.755E+05
  3.010000E+03  7.621E+05
  3.030000E+03  7.491E+05
  3.050000E+03  7.349E+05
  3.070000E+03  7.210E+05
  3.090000E+03  7.074E+05
  3.110000E+03  6.946E+05
  3.130000E+03  6.804E+05
  3.150000E+03  6.694E+05
  3.170000E+03  6.570E+05
  3.190000E+03  6.391E+05
  3.210000E+03  6.317E+05
  3.230000E+03  6.202E+05
  3.250000E+03  6.120E+05
  3.270000E+03  6.027E+05
  3.290000E+03  5.926E+05
  3.310000E+03  5.832E+05
  3.330000E+03  5.723E+05
  3.350000E+03  5.607E+05
  3.370000E+03  5.505E+05
  3.390000E+03  5.421E+05
  3.410000E+03  5.345E+05
  3.430000E+03  5.232E+05
  3.450000E+03  5.150E+05
  3.470000E+03  5.087E+05
  3.490000E+03  5.013E+05
  3.510000E+03  4.956E+05
  3.530000E+03  4.868E+05
  3.550000E+03  4.810E+05
  3.570000E+03  4.705E+05
  3.590000E+03  4.617E+05
  3.610000E+03  4.568E+05
  3.630000E+03  4.507E+05
  3.640000E+03  4.482E+05
  3.650000E+03  4.477E+05
  3.670000E+03  4.393E+05
  3.690000E+03  4.328E+05
  3.710000E+03  4.558E+05
  3.730000E+03  4.512E+05
  3.750000E+03  5.012E+05
  3.770000E+03  5.043E+05
  3.790000E+03  5.398E+05
  3.810000E+03  5.730E+05
  3.830000E+03  4.955E+05
  3.850000E+03  5.810E+05
  3.870000E+03  5.940E+05
  3.890000E+03  4.666E+05
  3.910000E+03  5.852E+05
  3.930000E+03  5.534E+05
  3.950000E+03  5.643E+05
  3.970000E+03  4.246E+05
  3.990000E+03  5.553E+05
  4.010000E+03  5.644E+05
  4.030000E+03  5.498E+05
  4.050000E+03  5.510E+05
  4.070000E+03  5.358E+05
  4.090000E+03  4.973E+05
  4.110000E+03  4.305E+05
  4.130000E+03  5.106E+05
  4.150000E+03  5.115E+05
  4.170000E+03  5.058E+05
  4.190000E+03  4.998E+05
  4.210000E+03  4.941E+05
  4.230000E+03  4.871E+05
  4.250000E+03  4.806E+05
  4.270000E+03  4.697E+05
  4.290000E+03  4.634E+05
  4.310000E+03  4.467E+05
  4.330000E+03  4.120E+05
  4.350000E+03  3.737E+05
  4.370000E+03  4.415E+05
  4.390000E+03  4.325E+05
  4.410000E+03  4.319E+05
  4.430000E+03  4.299E+05
  4.450000E+03  4.258E+05
  4.470000E+03  4.150E+05
  4.490000E+03  4.165E+05
  4.510000E+03  4.187E+05
  4.530000E+03  4.073E+05
  4.550000E+03  4.014E+05
  4.570000E+03  4.028E+05
  4.590000E+03  3.940E+05
  4.610000E+03  3.930E+05
  4.630000E+03  3.856E+05
  4.650000E+03  3.816E+05
  4.670000E+03  3.794E+05
  4.690000E+03  3.734E+05
  4.710000E+03  3.647E+05
  4.730000E+03  3.660E+05
  4.750000E+03  3.636E+05
  4.770000E+03  3.603E+05
  4.790000E+03  3.553E+05
  4.810000E+03  3.498E+05
  4.830000E+03  3.440E+05
  4.850000E+03  3.144E+05
  4.870000E+03  2.773E+05
  4.890000E+03  3.299E+05
  4.910000E+03  3.297E+05
  4.930000E+03  3.222E+05
  4.950000E+03  3.253E+05
  4.970000E+03  3.220E+05
  4.990000E+03  3.142E+05
  5.010000E+03  3.055E+05
  5.030000E+03  3.081E+05
  5.050000E+03  3.032E+05
  5.070000E+03  3.042E+05
  5.090000E+03  2.981E+05
  5.110000E+03  2.958E+05
  5.130000E+03  2.905E+05
  5.150000E+03  2.860E+05
  5.170000E+03  2.814E+05
  5.190000E+03  2.802E+05
  5.210000E+03  2.784E+05
  5.230000E+03  2.767E+05
  5.250000E+03  2.760E+05
  5.270000E+03  2.676E+05
  5.290000E+03  2.713E+05
  5.310000E+03  2.701E+05
  5.330000E+03  2.632E+05
  5.350000E+03  2.653E+05
  5.370000E+03  2.627E+05
  5.390000E+03  2.586E+05
  5.410000E+03  2.550E+05
  5.430000E+03  2.533E+05
  5.450000E+03  2.539E+05
  5.470000E+03  2.499E+05
  5.490000E+03  2.476E+05
  5.510000E+03  2.454E+05
  5.530000E+03  2.442E+05
  5.550000E+03  2.432E+05
  5.570000E+03  2.400E+05
  5.590000E+03  2.369E+05
  5.610000E+03  2.368E+05
  5.630000E+03  2.345E+05
  5.650000E+03  2.325E+05
  5.670000E+03  2.292E+05
  5.690000E+03  2.289E+05
  5.710000E+03  2.247E+05
  5.730000E+03  2.269E+05
  5.750000E+03  2.233E+05
  5.770000E+03  2.224E+05
  5.790000E+03  2.189E+05
  5.810000E+03  2.192E+05
  5.830000E+03  2.189E+05
  5.850000E+03  2.159E+05
  5.870000E+03  2.124E+05
  5.890000E+03  2.087E+05
  5.910000E+03  2.107E+05
  5.930000E+03  2.093E+05
  5.950000E+03  2.076E+05
  5.970000E+03  2.072E+05
  5.990000E+03  2.045E+05
  6.010000E+03  2.024E+05
  6.030000E+03  2.019E+05
  6.050000E+03  2.014E+05
  6.070000E+03  1.996E+05
  6.090000E+03  1.965E+05
  6.110000E+03  1.952E+05
  6.130000E+03  1.916E+05
  6.150000E+03  1.911E+05
  6.170000E+03  1.888E+05
  6.190000E+03  1.899E+05
  6.210000E+03  1.884E+05
  6.230000E+03  1.854E+05
  6.250000E+03  1.818E+05
  6.270000E+03  1.837E+05
  6.290000E+03  1.830E+05
  6.310000E+03  1.803E+05
  6.330000E+03  1.801E+05
  6.350000E+03  1.787E+05
  6.370000E+03  1.774E+05
  6.390000E+03  1.769E+05
  6.410000E+03  1.747E+05
  6.430000E+03  1.741E+05
  6.450000E+03  1.729E+05
  6.470000E+03  1.717E+05
  6.490000E+03  1.689E+05
  6.510000E+03  1.693E+05
  6.530000E+03  1.678E+05
  6.550000E+03  1.597E+05
  6.570000E+03  1.417E+05
  6.590000E+03  1.627E+05
  6.610000E+03  1.638E+05
  6.630000E+03  1.633E+05
  6.650000E+03  1.622E+05
  6.670000E+03  1.600E+05
  6.690000E+03  1.604E+05
  6.710000E+03  1.583E+05
  6.730000E+03  1.587E+05
  6.750000E+03  1.569E+05
  6.770000E+03  1.563E+05
  6.790000E+03  1.549E+05
  6.810000E+03  1.539E+05
  6.830000E+03  1.534E+05
  6.850000E+03  1.512E+05
  6.870000E+03  1.509E+05
  6.890000E+03  1.506E+05
  6.910000E+03  1.493E+05
  6.930000E+03  1.479E+05
  6.950000E+03  1.462E+05
  6.970000E+03  1.457E+05
  6.990000E+03  1.444E+05
  7.010000E+03  1.424E+05
  7.030000E+03  1.425E+05
  7.050000E+03  1.422E+05
  7.070000E+03  1.400E+05
  7.090000E+03  1.396E+05
  7.110000E+03  1.380E+05
  7.130000E+03  1.367E+05
  7.150000E+03  1.360E+05
  7.170000E+03  1.357E+05
  7.190000E+03  1.334E+05
  7.210000E+03  1.336E+05
  7.230000E+03  1.333E+05
  7.250000E+03  1.327E+05
  7.270000E+03  1.318E+05
  7.290000E+03  1.295E+05
  7.310000E+03  1.296E+05
  7.330000E+03  1.291E+05
  7.350000E+03  1.282E+05
  7.370000E+03  1.284E+05
  7.390000E+03  1.266E+05
  7.410000E+03  1.250E+05
  7.430000E+03  1.252E+05
  7.450000E+03  1.247E+05
  7.470000E+03  1.240E+05
  7.490000E+03  1.230E+05
  7.510000E+03  1.227E+05
  7.530000E+03  1.224E+05
  7.550000E+03  1.221E+05
  7.570000E+03  1.210E+05
  7.590000E+03  1.201E+05
  7.610000E+03  1.196E+05
  7.630000E+03  1.190E+05
  7.650000E+03  1.184E+05
  7.670000E+03  1.165E+05
  7.690000E+03  1.171E+05
  7.710000E+03  1.154E+05
  7.730000E+03  1.152E+05
  7.750000E+03  1.142E+05
  7.770000E+03  1.138E+05
  7.790000E+03  1.137E+05
  7.810000E+03  1.132E+05
  7.830000E+03  1.121E+05
  7.850000E+03  1.112E+05
  7.870000E+03  1.107E+05
  7.890000E+03  1.088E+05
  7.910000E+03  1.072E+05
  7.930000E+03  1.068E+05
  7.950000E+03  1.056E+05
  7.970000E+03  1.066E+05
  7.990000E+03  1.059E+05
  8.010000E+03  1.066E+05
  8.030000E+03  1.062E+05
  8.050000E+03  1.053E+05
  8.070000E+03  1.048E+05
  8.090000E+03  1.037E+05
  8.110000E+03  1.034E+05
  8.130000E+03  1.031E+05
  8.150000E+03  1.025E+05
  8.170000E+03  1.020E+05
  8.190000E+03  1.007E+05
  8.210000E+03  1.002E+05
  8.230000E+03  9.986E+04
  8.250000E+03  9.960E+04
  8.270000E+03  9.922E+04
  8.290000E+03  9.834E+04
  8.310000E+03  9.690E+04
  8.330000E+03  9.586E+04
  8.350000E+03  9.610E+04
  8.370000E+03  9.503E+04
  8.390000E+03  9.405E+04
  8.410000E+03  9.483E+04
  8.430000E+03  9.456E+04
  8.450000E+03  9.487E+04
  8.470000E+03  9.247E+04
  8.490000E+03  9.522E+04
  8.510000E+03  8.934E+04
  8.530000E+03  9.499E+04
  8.550000E+03  8.304E+04
  8.570000E+03  9.590E+04
  8.590000E+03  9.178E+04
  8.610000E+03  9.042E+04
  8.630000E+03  9.500E+04
  8.650000E+03  9.287E+04
  8.670000E+03  8.059E+04
  8.690000E+03  9.227E+04
  8.710000E+03  9.362E+04
  8.730000E+03  9.219E+04
  8.750000E+03  8.437E+04
  8.770000E+03  9.040E+04
  8.790000E+03  9.186E+04
  8.810000E+03  9.106E+04
  8.830000E+03  9.038E+04
  8.850000E+03  8.756E+04
  8.870000E+03  8.191E+04
  8.890000E+03  8.894E+04
  8.910000E+03  8.942E+04
  8.930000E+03  8.878E+04
  8.950000E+03  8.827E+04
  8.970000E+03  8.790E+04
  8.990000E+03  8.673E+04
  9.010000E+03  7.929E+04
  9.030000E+03  8.293E+04
  9.050000E+03  8.607E+04
  9.070000E+03  8.550E+04
  9.090000E+03  8.429E+04
  9.110000E+03  8.475E+04
  9.130000E+03  8.464E+04
  9.150000E+03  8.427E+04
  9.170000E+03  8.372E+04
  9.190000E+03  8.325E+04
  9.210000E+03  8.098E+04
  9.230000E+03  7.471E+04
  9.250000E+03  7.970E+04
  9.270000E+03  8.094E+04
  9.290000E+03  8.116E+04
  9.310000E+03  8.104E+04
  9.330000E+03  8.065E+04
  9.350000E+03  8.013E+04
  9.370000E+03  7.935E+04
  9.390000E+03  7.943E+04
  9.410000E+03  7.817E+04
  9.430000E+03  7.863E+04
  9.450000E+03  7.793E+04
  9.470000E+03  7.781E+04
  9.490000E+03  7.743E+04
  9.510000E+03  7.662E+04
  9.530000E+03  7.482E+04
  9.550000E+03  6.929E+04
  9.570000E+03  7.435E+04
  9.590000E+03  7.536E+04
  9.610000E+03  7.481E+04
  9.630000E+03  7.449E+04
  9.650000E+03  7.388E+04
  9.670000E+03  7.356E+04
  9.690000E+03  7.363E+04
  9.710000E+03  7.313E+04
  9.730000E+03  7.277E+04
  9.750000E+03  7.233E+04
  9.770000E+03  7.215E+04
  9.790000E+03  7.147E+04
  9.810000E+03  7.171E+04
  9.830000E+03  7.137E+04
  9.850000E+03  7.105E+04
  9.870000E+03  7.057E+04
  9.890000E+03  7.019E+04
  9.910000E+03  6.994E+04
  9.930000E+03  6.968E+04
  9.950000E+03  6.940E+04
  9.970000E+03  6.908E+04
  9.990000E+03  6.866E+04
  1.002500E+04  6.648E+04
  1.007500E+04  6.484E+04
  1.012500E+04  6.610E+04
  1.017500E+04  6.524E+04
  1.022500E+04  6.475E+04
  1.027500E+04  6.425E+04
  1.032500E+04  6.303E+04
  1.037500E+04  6.240E+04
  1.042500E+04  6.200E+04
  1.047500E+04  6.108E+04
  1.052500E+04  6.067E+04
  1.057500E+04  5.985E+04
  1.062500E+04  5.919E+04
  1.067500E+04  5.806E+04
  1.072500E+04  5.777E+04
  1.077500E+04  5.701E+04
  1.082500E+04  5.612E+04
  1.087500E+04  5.561E+04
  1.092500E+04  5.344E+04
  1.097500E+04  5.406E+04
  1.102500E+04  5.433E+04
  1.107500E+04  5.394E+04
  1.112500E+04  5.330E+04
  1.117500E+04  5.261E+04
  1.122500E+04  5.229E+04
  1.127500E+04  5.139E+04
  1.132500E+04  5.092E+04
  1.137500E+04  5.042E+04
  1.142500E+04  4.972E+04
  1.147500E+04  4.972E+04
  1.152500E+04  4.928E+04
  1.157500E+04  4.857E+04
  1.162500E+04  4.776E+04
  1.167500E+04  4.745E+04
  1.172500E+04  4.742E+04
  1.177500E+04  4.651E+04
  1.182500E+04  4.614E+04
  1.187500E+04  4.536E+04
  1.192500E+04  4.562E+04
  1.197500E+04  4.437E+04
  1.202500E+04  4.456E+04
  1.207500E+04  4.397E+04
  1.212500E+04  4.368E+04
  1.217500E+04  4.348E+04
  1.222500E+04  4.301E+04
  1.227500E+04  4.255E+04
  1.232500E+04  4.220E+04
  1.237500E+04  4.181E+04
  1.242500E+04  4.143E+04
  1.247500E+04  4.112E+04
  1.252500E+04  4.063E+04
  1.257500E+04  4.030E+04
  1.262500E+04  3.992E+04
  1.267500E+04  3.952E+04
  1.272500E+04  3.929E+04
  1.277500E+04  3.884E+04
  1.282500E+04  3.693E+04
  1.287500E+04  3.802E+04
  1.292500E+04  3.769E+04
  1.297500E+04  3.763E+04
  1.302500E+04  3.719E+04
  1.307500E+04  3.701E+04
  1.312500E+04  3.648E+04
  1.317500E+04  3.617E+04
  1.322500E+04  3.601E+04
  1.327500E+04  3.543E+04
  1.332500E+04  3.539E+04
  1.337500E+04  3.501E+04
  1.342500E+04  3.493E+04
  1.347500E+04  3.460E+04
  1.352500E+04  3.434E+04
  1.357500E+04  3.379E+04
  1.362500E+04  3.353E+04
  1.367500E+04  3.338E+04
  1.372500E+04  3.318E+04
  1.377500E+04  3.292E+04
  1.382500E+04  3.272E+04
  1.387500E+04  3.234E+04
  1.392500E+04  3.226E+04
  1.397500E+04  3.206E+04
  1.402500E+04  3.157E+04
  1.407500E+04  3.156E+04
  1.412500E+04  3.116E+04
  1.417500E+04  3.114E+04
  1.422500E+04  3.062E+04
  1.427500E+04  3.026E+04
  1.432500E+04  3.037E+04
  1.437500E+04  3.028E+04
  1.442500E+04  2.951E+04
  1.447500E+04  2.980E+04
  1.452500E+04  2.932E+04
  1.457000E+04  2.930E+04
  1.462000E+04  2.915E+04
  1.467500E+04  2.898E+04
  1.472500E+04  2.850E+04
  1.477500E+04  2.843E+04
  1.482500E+04  2.824E+04
  1.487500E+04  2.788E+04
  1.492500E+04  2.803E+04
  1.497500E+04  2.768E+04
  1.502500E+04  2.733E+04
  1.507500E+04  2.702E+04
  1.512500E+04  2.720E+04
  1.517500E+04  2.709E+04
  1.522500E+04  2.700E+04
  1.527500E+04  2.674E+04
  1.532500E+04  2.652E+04
  1.537500E+04  2.667E+04
  1.542500E+04  2.627E+04
  1.547500E+04  2.639E+04
  1.552500E+04  2.608E+04
  1.557500E+04  2.523E+04
  1.562500E+04  2.583E+04
  1.567500E+04  2.535E+04
  1.572500E+04  2.514E+04
  1.577500E+04  2.459E+04
  1.582500E+04  2.477E+04
  1.587500E+04  2.386E+04
  1.592500E+04  2.464E+04
  1.597500E+04  2.430E+04
  1.605000E+04  2.412E+04
  1.615000E+04  2.356E+04
  1.625000E+04  2.349E+04
  1.635000E+04  2.328E+04
  1.645000E+04  2.216E+04
  1.655000E+04  2.253E+04
  1.665000E+04  2.179E+04
  1.675000E+04  2.149E+04
  1.685000E+04  2.062E+04
  1.695000E+04  2.087E+04
  1.705000E+04  2.020E+04
  1.715000E+04  1.998E+04
  1.725000E+04  1.951E+04
  1.735000E+04  1.870E+04
  1.745000E+04  1.876E+04
  1.755000E+04  1.843E+04
  1.765000E+04  1.813E+04
  1.775000E+04  1.774E+04
  1.785000E+04  1.746E+04
  1.795000E+04  1.716E+04
  1.805000E+04  1.675E+04
  1.815000E+04  1.623E+04
  1.825000E+04  1.611E+04
  1.835000E+04  1.587E+04
  1.845000E+04  1.552E+04
  1.855000E+04  1.530E+04
  1.865000E+04  1.492E+04
  1.875000E+04  1.437E+04
  1.885000E+04  1.445E+04
  1.895000E+04  1.399E+04
  1.905000E+04  1.400E+04
  1.915000E+04  1.372E+04
  1.925000E+04  1.349E+04
  1.935000E+04  1.316E+04
  1.945000E+04  1.271E+04
  1.955000E+04  1.276E+04
  1.965000E+04  1.254E+04
  1.975000E+04  1.230E+04
  1.985000E+04  1.211E+04
  1.995000E+04  1.191E+04
  2.005000E+04  1.178E+04
  2.015000E+04  1.161E+04
  2.025000E+04  1.132E+04
  2.035000E+04  1.111E+04
  2.045000E+04  1.103E+04
  2.055000E+04  1.083E+04
  2.065000E+04  1.061E+04
  2.075000E+04  1.045E+04
  2.085000E+04  1.028E+04
  2.095000E+04  1.007E+04
  2.105000E+04  9.974E+03
  2.115000E+04  9.786E+03
  2.125000E+04  9.627E+03
  2.135000E+04  9.507E+03
  2.145000E+04  9.353E+03
  2.155000E+04  9.199E+03
  2.165000E+04  8.888E+03
  2.175000E+04  8.858E+03
  2.185000E+04  8.738E+03
  2.195000E+04  8.627E+03
  2.205000E+04  8.437E+03
  2.215000E+04  8.363E+03
  2.225000E+04  8.187E+03
  2.235000E+04  8.074E+03
  2.245000E+04  7.961E+03
  2.255000E+04  7.836E+03
  2.265000E+04  7.703E+03
  2.275000E+04  7.617E+03
  2.285000E+04  7.470E+03
  2.295000E+04  6.636E+03
  2.305000E+04  6.938E+03
  2.315000E+04  6.854E+03
  2.325000E+04  6.137E+03
  2.335000E+04  6.436E+03
  2.345000E+04  6.375E+03
  2.355000E+04  5.714E+03
  2.365000E+04  6.042E+03
  2.375000E+04  5.966E+03
  2.385000E+04  5.427E+03
  2.395000E+04  5.684E+03
  2.405000E+04  5.679E+03
  2.415000E+04  5.231E+03
  2.425000E+04  5.426E+03
  2.435000E+04  5.405E+03
  2.445000E+04  5.117E+03
  2.455000E+04  5.107E+03
  2.465000E+04  5.209E+03
  2.475000E+04  5.040E+03
  2.485000E+04  4.842E+03
  2.495000E+04  4.924E+03
  2.505000E+04  5.019E+03
  2.515000E+04  4.664E+03
  2.525000E+04  4.752E+03
  2.535000E+04  4.774E+03
  2.545000E+04  4.658E+03
  2.555000E+04  4.578E+03
  2.565000E+04  4.545E+03
  2.575000E+04  4.570E+03
  2.585000E+04  4.365E+03
  2.595000E+04  4.398E+03
  2.605000E+04  4.388E+03
  2.615000E+04  4.261E+03
  2.625000E+04  4.183E+03
  2.635000E+04  4.227E+03
  2.645000E+04  4.196E+03
  2.655000E+04  4.110E+03
  2.665000E+04  4.030E+03
  2.675000E+04  4.042E+03
  2.685000E+04  4.015E+03
  2.695000E+04  3.924E+03
  2.705000E+04  3.920E+03
  2.715000E+04  3.874E+03
  2.725000E+04  3.847E+03
  2.735000E+04  3.757E+03
  2.745000E+04  3.746E+03
  2.755000E+04  3.686E+03
  2.765000E+04  3.650E+03
  2.775000E+04  3.601E+03
  2.785000E+04  3.579E+03
  2.795000E+04  3.555E+03
  2.805000E+04  3.508E+03
  2.815000E+04  3.453E+03
  2.825000E+04  3.421E+03
  2.835000E+04  3.392E+03
  2.845000E+04  3.346E+03
  2.855000E+04  3.304E+03
  2.865000E+04  3.259E+03
  2.875000E+04  3.192E+03
  2.885000E+04  3.189E+03
  2.895000E+04  3.153E+03
  2.905000E+04  3.114E+03
  2.915000E+04  3.081E+03
  2.925000E+04  3.032E+03
  2.935000E+04  3.012E+03
  2.945000E+04  2.965E+03
  2.955000E+04  2.933E+03
  2.965000E+04  2.904E+03
  2.975000E+04  2.869E+03
  2.985000E+04  2.833E+03
  2.995000E+04  2.797E+03
  3.005000E+04  2.763E+03
  3.015000E+04  2.734E+03
  3.025000E+04  2.697E+03
  3.035000E+04  2.633E+03
  3.045000E+04  2.625E+03
  3.055000E+04  2.600E+03
  3.065000E+04  2.569E+03
  3.075000E+04  2.543E+03
  3.085000E+04  2.507E+03
  3.095000E+04  2.477E+03
  3.105000E+04  2.453E+03
  3.115000E+04  2.412E+03
  3.125000E+04  2.393E+03
  3.135000E+04  2.366E+03
  3.145000E+04  2.338E+03
  3.155000E+04  2.305E+03
  3.165000E+04  2.281E+03
  3.175000E+04  2.256E+03
  3.185000E+04  2.229E+03
  3.195000E+04  2.205E+03
  3.210000E+04  2.164E+03
  3.230000E+04  2.114E+03
  3.250000E+04  2.066E+03
  3.270000E+04  2.017E+03
  3.290000E+04  1.956E+03
  3.310000E+04  1.923E+03
  3.330000E+04  1.880E+03
  3.350000E+04  1.842E+03
  3.370000E+04  1.799E+03
  3.390000E+04  1.756E+03
  3.410000E+04  1.717E+03
  3.430000E+04  1.684E+03
  3.450000E+04  1.648E+03
  3.470000E+04  1.612E+03
  3.490000E+04  1.577E+03
  3.510000E+04  1.544E+03
  3.530000E+04  1.509E+03
  3.550000E+04  1.479E+03
  3.570000E+04  1.446E+03
  3.590000E+04  1.417E+03
  3.610000E+04  1.387E+03
  3.630000E+04  1.361E+03
  3.650000E+04  1.327E+03
  3.670000E+04  1.303E+03
  3.690000E+04  1.269E+03
  3.710000E+04  1.246E+03
  3.730000E+04  1.221E+03
  3.750000E+04  1.186E+03
  3.770000E+04  1.176E+03
  3.790000E+04  1.152E+03
  3.810000E+04  1.128E+03
  3.830000E+04  1.108E+03
  3.850000E+04  1.089E+03
  3.870000E+04  1.065E+03
  3.890000E+04  1.045E+03
  3.910000E+04  1.022E+03
  3.930000E+04  1.006E+03
  3.950000E+04  9.846E+02
  3.970000E+04  9.673E+02
  3.990000E+04  9.446E+02
  4.010000E+04  9.276E+02
  4.030000E+04  9.106E+02
  4.050000E+04  8.894E+02
  4.070000E+04  8.790E+02
  4.090000E+04  8.633E+02
  4.110000E+04  8.482E+02
  4.130000E+04  8.331E+02
  4.150000E+04  8.165E+02
  4.170000E+04  7.979E+02
  4.190000E+04  7.865E+02
  4.210000E+04  7.711E+02
  4.230000E+04  7.606E+02
  4.250000E+04  7.451E+02
  4.270000E+04  7.334E+02
  4.290000E+04  6.897E+02
  4.310000E+04  6.542E+02
  4.330000E+04  6.613E+02
  4.350000E+04  6.216E+02
  4.370000E+04  6.040E+02
  4.390000E+04  5.930E+02
  4.410000E+04  5.558E+02
  4.430000E+04  5.543E+02
  4.450000E+04  5.398E+02
  4.470000E+04  5.115E+02
  4.490000E+04  5.202E+02
  4.510000E+04  5.034E+02
  4.530000E+04  4.822E+02
  4.550000E+04  4.853E+02
  4.570000E+04  4.783E+02
  4.590000E+04  4.541E+02
  4.610000E+04  4.624E+02
  4.630000E+04  4.499E+02
  4.650000E+04  4.422E+02
  4.670000E+04  4.388E+02
  4.690000E+04  4.331E+02
  4.710000E+04  4.230E+02
  4.730000E+04  4.266E+02
  4.750000E+04  4.167E+02
  4.770000E+04  4.112E+02
  4.790000E+04  4.047E+02
  4.810000E+04  3.948E+02
  4.830000E+04  3.992E+02
  4.850000E+04  3.902E+02
  4.870000E+04  3.817E+02
  4.890000E+04  3.790E+02
  4.910000E+04  3.715E+02
  4.930000E+04  3.669E+02
  4.950000E+04  3.609E+02
  4.970000E+04  3.591E+02
  4.990000E+04  3.525E+02
  5.010000E+04  3.503E+02
  5.030000E+04  3.453E+02
  5.050000E+04  3.364E+02
  5.070000E+04  3.333E+02
  5.090000E+04  3.300E+02
  5.110000E+04  3.232E+02
  5.130000E+04  3.183E+02
  5.150000E+04  3.149E+02
  5.170000E+04  3.155E+02
  5.190000E+04  3.084E+02
  5.210000E+04  3.039E+02
  5.230000E+04  2.996E+02
  5.250000E+04  2.977E+02
  5.270000E+04  2.979E+02
  5.290000E+04  2.885E+02
  5.310000E+04  2.843E+02
  5.330000E+04  2.828E+02
  5.350000E+04  2.791E+02
  5.370000E+04  2.760E+02
  5.390000E+04  2.731E+02
  5.410000E+04  2.697E+02
  5.430000E+04  2.645E+02
  5.450000E+04  2.638E+02
  5.470000E+04  2.588E+02
  5.490000E+04  2.565E+02
  5.510000E+04  2.521E+02
  5.530000E+04  2.542E+02
  5.550000E+04  2.462E+02
  5.570000E+04  2.467E+02
  5.590000E+04  2.417E+02
  5.610000E+04  2.406E+02
  5.630000E+04  2.353E+02
  5.650000E+04  2.349E+02
  5.670000E+04  2.316E+02
  5.690000E+04  2.268E+02
  5.710000E+04  2.265E+02
  5.730000E+04  2.238E+02
  5.750000E+04  2.210E+02
  5.770000E+04  2.179E+02
  5.790000E+04  2.167E+02
  5.810000E+04  2.132E+02
  5.830000E+04  2.109E+02
  5.850000E+04  2.086E+02
  5.870000E+04  2.050E+02
  5.890000E+04  2.030E+02
  5.910000E+04  1.998E+02
  5.930000E+04  1.988E+02
  5.950000E+04  1.959E+02
  5.970000E+04  1.945E+02
  5.990000E+04  1.922E+02
  6.010000E+04  1.900E+02
  6.030000E+04  1.877E+02
  6.050000E+04  1.847E+02
  6.070000E+04  1.828E+02
  6.090000E+04  1.806E+02
  6.110000E+04  1.781E+02
  6.130000E+04  1.765E+02
  6.150000E+04  1.747E+02
  6.170000E+04  1.733E+02
  6.190000E+04  1.711E+02
  6.210000E+04  1.694E+02
  6.230000E+04  1.669E+02
  6.250000E+04  1.645E+02
  6.270000E+04  1.628E+02
  6.290000E+04  1.609E+02
  6.310000E+04  1.590E+02
  6.330000E+04  1.578E+02
  6.350000E+04  1.556E+02
  6.370000E+04  1.545E+02
  6.390000E+04  1.519E+02
  6.420000E+04  1.497E+02
  6.460000E+04  1.461E+02
  6.500000E+04  1.429E+02
  6.540000E+04  1.396E+02
  6.580000E+04  1.367E+02
  6.620000E+04  1.334E+02
  6.660000E+04  1.305E+02
  6.700000E+04  1.277E+02
  6.740000E+04  1.247E+02
  6.780000E+04  1.220E+02
  6.820000E+04  1.193E+02
  6.860000E+04  1.168E+02
  6.900000E+04  1.141E+02
  6.940000E+04  1.116E+02
  6.980000E+04  1.092E+02
  7.020000E+04  1.068E+02
  7.060000E+04  1.046E+02
  7.100000E+04  1.023E+02
  7.140000E+04  1.001E+02
  7.180000E+04  9.797E+01
  7.220000E+04  9.590E+01
  7.260000E+04  9.386E+01
  7.300000E+04  9.190E+01
  7.340000E+04  8.995E+01
  7.380000E+04  8.809E+01
  7.420000E+04  8.620E+01
  7.460000E+04  8.408E+01
  7.500000E+04  8.239E+01
  7.540000E+04  8.097E+01
  7.580000E+04  7.936E+01
  7.620000E+04  7.775E+01
  7.660000E+04  7.618E+01
  7.700000E+04  7.463E+01
  7.740000E+04  7.315E+01
  7.780000E+04  7.169E+01
  7.820000E+04  7.027E+01
  7.860000E+04  6.888E+01
  7.900000E+04  6.752E+01
  7.940000E+04  6.620E+01
  7.980000E+04  6.491E+01
  8.020000E+04  6.364E+01
  8.060000E+04  6.240E+01
  8.100000E+04  6.122E+01
  8.140000E+04  6.003E+01
  8.180000E+04  5.890E+01
  8.220000E+04  5.779E+01
  8.260000E+04  5.670E+01
  8.300000E+04  5.564E+01
  8.340000E+04  5.458E+01
  8.380000E+04  5.357E+01
  8.420000E+04  5.259E+01
  8.460000E+04  5.162E+01
  8.500000E+04  5.067E+01
  8.540000E+04  4.975E+01
  8.580000E+04  4.884E+01
  8.620000E+04  4.796E+01
  8.660000E+04  4.710E+01
  8.700000E+04  4.626E+01
  8.740000E+04  4.543E+01
  8.780000E+04  4.462E+01
  8.820000E+04  4.382E+01
  8.860000E+04  4.305E+01
  8.900000E+04  4.229E+01
  8.940000E+04  4.156E+01
  8.980000E+04  4.083E+01
  9.020000E+04  4.013E+01
  9.060000E+04  3.944E+01
  9.100000E+04  3.874E+01
  9.140000E+04  3.809E+01
  9.180000E+04  3.745E+01
  9.220000E+04  3.682E+01
  9.260000E+04  3.620E+01
  9.300000E+04  3.559E+01
  9.340000E+04  3.499E+01
  9.380000E+04  3.441E+01
  9.420000E+04  3.384E+01
  9.460000E+04  3.328E+01
  9.500000E+04  3.273E+01
  9.540000E+04  3.219E+01
  9.580000E+04  3.167E+01
  9.620000E+04  3.115E+01
  9.660000E+04  3.065E+01
  9.700000E+04  3.016E+01
  9.740000E+04  2.966E+01
  9.780000E+04  2.919E+01
  9.820000E+04  2.873E+01
  9.860000E+04  2.828E+01
  9.900000E+04  2.783E+01
  9.940000E+04  2.739E+01
  9.980000E+04  2.696E+01
  1.002000E+05  2.654E+01
  2.000000E+05  1.718E+00
  4.000000E+05  1.078E-01
  6.000000E+05  2.119E-02
  8.000000E+05  6.657E-03
  1.000000E+06  2.708E-03
  1.200000E+06  1.298E-03
  1.400000E+06  6.963E-04
  1.600000E+06  4.059E-04
