# Output file name = /disk1/raab/ultravista/nebularemission/bc2003_lr_m62_chab_const_100Myr.ascii
# Input file name  = models/constant/bc2003_lr_m62_chab_const.ised
# Column           2
# Record          116
# Age (yr)      1.015E+08
# Lambda(A)       Flux   
  9.100000E+01  6.558E+03
  9.400000E+01  7.499E+03
  9.600000E+01  8.018E+03
  9.800000E+01  4.491E+04
  1.000000E+02  1.243E+05
  1.020000E+02  1.349E+05
  1.040000E+02  1.281E+05
  1.060000E+02  1.302E+05
  1.080000E+02  1.328E+05
  1.100000E+02  1.517E+05
  1.140000E+02  1.574E+05
  1.180000E+02  1.529E+05
  1.210000E+02  1.935E+05
  1.250000E+02  2.009E+05
  1.270000E+02  2.052E+05
  1.280000E+02  2.085E+05
  1.310000E+02  2.010E+05
  1.320000E+02  2.080E+05
  1.340000E+02  1.987E+05
  1.370000E+02  2.209E+05
  1.400000E+02  2.214E+05
  1.430000E+02  2.793E+05
  1.470000E+02  3.472E+05
  1.510000E+02  3.107E+05
  1.550000E+02  3.507E+05
  1.590000E+02  3.521E+05
  1.620000E+02  3.526E+05
  1.660000E+02  3.548E+05
  1.700000E+02  3.545E+05
  1.730000E+02  2.912E+05
  1.770000E+02  3.572E+05
  1.800000E+02  3.577E+05
  1.820000E+02  3.577E+05
  1.860000E+02  3.583E+05
  1.910000E+02  3.587E+05
  1.940000E+02  3.608E+05
  1.980000E+02  3.599E+05
  2.020000E+02  3.611E+05
  2.050000E+02  3.607E+05
  2.100000E+02  3.497E+05
  2.160000E+02  3.604E+05
  2.200000E+02  3.617E+05
  2.230000E+02  3.574E+05
  2.270000E+02  3.625E+05
  2.300000E+02  4.540E+05
  2.340000E+02  6.785E+05
  2.400000E+02  7.392E+05
  2.460000E+02  6.898E+05
  2.520000E+02  7.124E+05
  2.570000E+02  6.567E+05
  2.600000E+02  6.891E+05
  2.640000E+02  8.658E+05
  2.690000E+02  8.883E+05
  2.740000E+02  9.016E+05
  2.790000E+02  7.781E+05
  2.840000E+02  9.220E+05
  2.900000E+02  9.553E+05
  2.960000E+02  8.785E+05
  3.010000E+02  8.023E+05
  3.080000E+02  8.615E+05
  3.180000E+02  8.450E+05
  3.280000E+02  8.696E+05
  3.380000E+02  8.181E+05
  3.480000E+02  7.700E+05
  3.570000E+02  1.026E+06
  3.660000E+02  1.550E+06
  3.750000E+02  1.516E+06
  3.850000E+02  1.193E+06
  3.950000E+02  1.758E+06
  4.050000E+02  2.158E+06
  4.140000E+02  2.124E+06
  4.220000E+02  1.911E+06
  4.300000E+02  1.809E+06
  4.410000E+02  2.088E+06
  4.510000E+02  2.105E+06
  4.600000E+02  1.832E+06
  4.700000E+02  1.844E+06
  4.800000E+02  2.050E+06
  4.900000E+02  1.713E+06
  5.000000E+02  2.090E+06
  5.060000E+02  1.784E+06
  5.120000E+02  2.779E+06
  5.200000E+02  2.613E+06
  5.300000E+02  2.379E+06
  5.400000E+02  1.928E+06
  5.500000E+02  1.841E+06
  5.600000E+02  2.387E+06
  5.700000E+02  2.634E+06
  5.800000E+02  2.535E+06
  5.900000E+02  2.541E+06
  6.000000E+02  2.098E+06
  6.100000E+02  2.001E+06
  6.200000E+02  2.501E+06
  6.300000E+02  2.314E+06
  6.400000E+02  2.513E+06
  6.500000E+02  2.376E+06
  6.580000E+02  2.150E+06
  6.650000E+02  2.403E+06
  6.750000E+02  2.487E+06
  6.850000E+02  2.094E+06
  6.950000E+02  2.394E+06
  7.050000E+02  1.901E+06
  7.160000E+02  2.394E+06
  7.260000E+02  2.383E+06
  7.350000E+02  2.360E+06
  7.450000E+02  2.245E+06
  7.550000E+02  2.197E+06
  7.650000E+02  1.941E+06
  7.750000E+02  2.137E+06
  7.850000E+02  1.928E+06
  7.950000E+02  2.049E+06
  8.050000E+02  2.070E+06
  8.150000E+02  2.050E+06
  8.250000E+02  2.053E+06
  8.350000E+02  1.610E+06
  8.450000E+02  1.956E+06
  8.550000E+02  1.896E+06
  8.650000E+02  1.938E+06
  8.750000E+02  1.920E+06
  8.850000E+02  1.897E+06
  8.950000E+02  1.877E+06
  9.050000E+02  1.816E+06
  9.150000E+02  1.723E+06
  9.250000E+02  3.782E+06
  9.350000E+02  5.813E+06
  9.450000E+02  7.576E+06
  9.550000E+02  8.634E+06
  9.650000E+02  9.198E+06
  9.750000E+02  3.685E+06
  9.850000E+02  7.108E+06
  9.950000E+02  6.812E+06
  1.005000E+03  8.398E+06
  1.015000E+03  8.554E+06
  1.025000E+03  6.008E+06
  1.035000E+03  7.407E+06
  1.045000E+03  9.911E+06
  1.055000E+03  9.424E+06
  1.065000E+03  7.888E+06
  1.075000E+03  8.572E+06
  1.085000E+03  7.454E+06
  1.095000E+03  8.629E+06
  1.105000E+03  8.136E+06
  1.115000E+03  7.856E+06
  1.125000E+03  6.840E+06
  1.135000E+03  8.045E+06
  1.145000E+03  7.557E+06
  1.155000E+03  7.512E+06
  1.165000E+03  7.329E+06
  1.175000E+03  4.959E+06
  1.185000E+03  6.900E+06
  1.195000E+03  5.911E+06
  1.205000E+03  5.010E+06
  1.215000E+03  4.077E+06
  1.225000E+03  5.616E+06
  1.235000E+03  6.659E+06
  1.245000E+03  6.761E+06
  1.255000E+03  6.507E+06
  1.265000E+03  6.226E+06
  1.275000E+03  6.848E+06
  1.285000E+03  6.887E+06
  1.295000E+03  5.873E+06
  1.305000E+03  5.890E+06
  1.315000E+03  6.630E+06
  1.325000E+03  6.277E+06
  1.335000E+03  5.842E+06
  1.345000E+03  6.262E+06
  1.355000E+03  6.053E+06
  1.365000E+03  5.580E+06
  1.375000E+03  5.526E+06
  1.385000E+03  5.439E+06
  1.395000E+03  4.113E+06
  1.405000E+03  4.008E+06
  1.415000E+03  4.995E+06
  1.425000E+03  4.832E+06
  1.435000E+03  4.980E+06
  1.442000E+03  5.028E+06
  1.447000E+03  5.001E+06
  1.455000E+03  4.815E+06
  1.465000E+03  4.526E+06
  1.475000E+03  4.549E+06
  1.485000E+03  4.549E+06
  1.495000E+03  4.473E+06
  1.505000E+03  4.217E+06
  1.512000E+03  3.871E+06
  1.517000E+03  3.996E+06
  1.525000E+03  3.949E+06
  1.535000E+03  3.400E+06
  1.545000E+03  3.104E+06
  1.555000E+03  3.077E+06
  1.565000E+03  3.392E+06
  1.575000E+03  3.581E+06
  1.585000E+03  3.639E+06
  1.595000E+03  3.628E+06
  1.605000E+03  3.538E+06
  1.615000E+03  3.472E+06
  1.625000E+03  3.395E+06
  1.635000E+03  3.533E+06
  1.645000E+03  3.513E+06
  1.655000E+03  3.417E+06
  1.665000E+03  3.510E+06
  1.672000E+03  3.255E+06
  1.677000E+03  3.603E+06
  1.685000E+03  3.565E+06
  1.695000E+03  3.389E+06
  1.705000E+03  3.288E+06
  1.715000E+03  3.096E+06
  1.725000E+03  3.034E+06
  1.735000E+03  3.171E+06
  1.745000E+03  3.097E+06
  1.755000E+03  3.150E+06
  1.765000E+03  3.022E+06
  1.775000E+03  2.936E+06
  1.785000E+03  2.987E+06
  1.795000E+03  3.036E+06
  1.805000E+03  3.033E+06
  1.815000E+03  2.791E+06
  1.825000E+03  2.841E+06
  1.835000E+03  2.761E+06
  1.845000E+03  2.566E+06
  1.855000E+03  2.552E+06
  1.865000E+03  2.582E+06
  1.875000E+03  2.689E+06
  1.885000E+03  2.464E+06
  1.895000E+03  2.345E+06
  1.905000E+03  2.492E+06
  1.915000E+03  2.360E+06
  1.925000E+03  2.260E+06
  1.935000E+03  2.382E+06
  1.945000E+03  2.413E+06
  1.955000E+03  2.208E+06
  1.967000E+03  2.369E+06
  1.976000E+03  2.430E+06
  1.984000E+03  2.297E+06
  1.995000E+03  2.235E+06
  2.005000E+03  2.300E+06
  2.015000E+03  2.245E+06
  2.025000E+03  2.310E+06
  2.035000E+03  2.149E+06
  2.045000E+03  2.177E+06
  2.055000E+03  1.950E+06
  2.065000E+03  2.024E+06
  2.074000E+03  2.205E+06
  2.078000E+03  2.050E+06
  2.085000E+03  2.119E+06
  2.095000E+03  2.008E+06
  2.105000E+03  2.041E+06
  2.115000E+03  2.052E+06
  2.125000E+03  2.051E+06
  2.135000E+03  1.987E+06
  2.145000E+03  1.938E+06
  2.155000E+03  1.992E+06
  2.165000E+03  1.945E+06
  2.175000E+03  1.931E+06
  2.185000E+03  1.870E+06
  2.195000E+03  1.913E+06
  2.205000E+03  1.879E+06
  2.215000E+03  1.821E+06
  2.225000E+03  1.774E+06
  2.235000E+03  1.792E+06
  2.245000E+03  1.760E+06
  2.255000E+03  1.703E+06
  2.265000E+03  1.724E+06
  2.275000E+03  1.721E+06
  2.285000E+03  1.714E+06
  2.295000E+03  1.614E+06
  2.305000E+03  1.631E+06
  2.315000E+03  1.581E+06
  2.325000E+03  1.370E+06
  2.335000E+03  1.512E+06
  2.345000E+03  1.502E+06
  2.355000E+03  1.510E+06
  2.365000E+03  1.466E+06
  2.375000E+03  1.451E+06
  2.385000E+03  1.402E+06
  2.395000E+03  1.431E+06
  2.405000E+03  1.392E+06
  2.415000E+03  1.392E+06
  2.425000E+03  1.402E+06
  2.435000E+03  1.355E+06
  2.445000E+03  1.377E+06
  2.455000E+03  1.358E+06
  2.465000E+03  1.341E+06
  2.475000E+03  1.311E+06
  2.485000E+03  1.309E+06
  2.495000E+03  1.135E+06
  2.505000E+03  1.282E+06
  2.513000E+03  1.215E+06
  2.518000E+03  1.261E+06
  2.525000E+03  1.235E+06
  2.535000E+03  1.230E+06
  2.545000E+03  1.198E+06
  2.555000E+03  1.215E+06
  2.565000E+03  1.200E+06
  2.575000E+03  1.214E+06
  2.585000E+03  1.199E+06
  2.595000E+03  1.185E+06
  2.605000E+03  1.163E+06
  2.615000E+03  1.146E+06
  2.625000E+03  1.146E+06
  2.635000E+03  1.142E+06
  2.645000E+03  1.152E+06
  2.655000E+03  1.144E+06
  2.665000E+03  1.098E+06
  2.675000E+03  1.104E+06
  2.685000E+03  1.097E+06
  2.695000E+03  1.066E+06
  2.705000E+03  1.060E+06
  2.715000E+03  1.042E+06
  2.725000E+03  1.038E+06
  2.735000E+03  1.039E+06
  2.745000E+03  9.982E+05
  2.755000E+03  9.921E+05
  2.765000E+03  9.910E+05
  2.775000E+03  1.002E+06
  2.785000E+03  9.877E+05
  2.795000E+03  9.223E+05
  2.805000E+03  9.432E+05
  2.815000E+03  9.688E+05
  2.825000E+03  9.592E+05
  2.835000E+03  9.241E+05
  2.845000E+03  9.206E+05
  2.855000E+03  9.125E+05
  2.865000E+03  9.193E+05
  2.875000E+03  9.055E+05
  2.885000E+03  9.000E+05
  2.895000E+03  8.881E+05
  2.910000E+03  8.863E+05
  2.930000E+03  8.683E+05
  2.950000E+03  8.465E+05
  2.970000E+03  8.355E+05
  2.990000E+03  8.190E+05
  3.010000E+03  8.025E+05
  3.030000E+03  7.929E+05
  3.050000E+03  7.791E+05
  3.070000E+03  7.650E+05
  3.090000E+03  7.486E+05
  3.110000E+03  7.370E+05
  3.130000E+03  7.212E+05
  3.150000E+03  7.115E+05
  3.170000E+03  6.955E+05
  3.190000E+03  6.770E+05
  3.210000E+03  6.699E+05
  3.230000E+03  6.573E+05
  3.250000E+03  6.493E+05
  3.270000E+03  6.375E+05
  3.290000E+03  6.272E+05
  3.310000E+03  6.176E+05
  3.330000E+03  6.051E+05
  3.350000E+03  5.926E+05
  3.370000E+03  5.821E+05
  3.390000E+03  5.736E+05
  3.410000E+03  5.654E+05
  3.430000E+03  5.525E+05
  3.450000E+03  5.436E+05
  3.470000E+03  5.364E+05
  3.490000E+03  5.282E+05
  3.510000E+03  5.216E+05
  3.530000E+03  5.134E+05
  3.550000E+03  5.063E+05
  3.570000E+03  4.959E+05
  3.590000E+03  4.850E+05
  3.610000E+03  4.786E+05
  3.630000E+03  4.728E+05
  3.640000E+03  4.701E+05
  3.650000E+03  4.692E+05
  3.670000E+03  4.598E+05
  3.690000E+03  4.390E+05
  3.710000E+03  4.482E+05
  3.730000E+03  4.430E+05
  3.750000E+03  4.876E+05
  3.770000E+03  4.885E+05
  3.790000E+03  5.204E+05
  3.810000E+03  5.504E+05
  3.830000E+03  4.785E+05
  3.850000E+03  5.551E+05
  3.870000E+03  5.643E+05
  3.890000E+03  4.487E+05
  3.910000E+03  5.588E+05
  3.930000E+03  5.321E+05
  3.950000E+03  5.356E+05
  3.970000E+03  4.099E+05
  3.990000E+03  5.254E+05
  4.010000E+03  5.342E+05
  4.030000E+03  5.185E+05
  4.050000E+03  5.207E+05
  4.070000E+03  5.024E+05
  4.090000E+03  4.662E+05
  4.110000E+03  4.074E+05
  4.130000E+03  4.768E+05
  4.150000E+03  4.791E+05
  4.170000E+03  4.745E+05
  4.190000E+03  4.700E+05
  4.210000E+03  4.657E+05
  4.230000E+03  4.580E+05
  4.250000E+03  4.516E+05
  4.270000E+03  4.385E+05
  4.290000E+03  4.354E+05
  4.310000E+03  4.197E+05
  4.330000E+03  3.859E+05
  4.350000E+03  3.524E+05
  4.370000E+03  4.120E+05
  4.390000E+03  4.042E+05
  4.410000E+03  4.040E+05
  4.430000E+03  4.015E+05
  4.450000E+03  3.987E+05
  4.470000E+03  3.882E+05
  4.490000E+03  3.895E+05
  4.510000E+03  3.925E+05
  4.530000E+03  3.809E+05
  4.550000E+03  3.758E+05
  4.570000E+03  3.776E+05
  4.590000E+03  3.689E+05
  4.610000E+03  3.663E+05
  4.630000E+03  3.584E+05
  4.650000E+03  3.539E+05
  4.670000E+03  3.536E+05
  4.690000E+03  3.480E+05
  4.710000E+03  3.385E+05
  4.730000E+03  3.412E+05
  4.750000E+03  3.394E+05
  4.770000E+03  3.374E+05
  4.790000E+03  3.319E+05
  4.810000E+03  3.256E+05
  4.830000E+03  3.215E+05
  4.850000E+03  2.942E+05
  4.870000E+03  2.608E+05
  4.890000E+03  3.084E+05
  4.910000E+03  3.079E+05
  4.930000E+03  3.004E+05
  4.950000E+03  3.034E+05
  4.970000E+03  2.990E+05
  4.990000E+03  2.911E+05
  5.010000E+03  2.803E+05
  5.030000E+03  2.845E+05
  5.050000E+03  2.798E+05
  5.070000E+03  2.828E+05
  5.090000E+03  2.763E+05
  5.110000E+03  2.744E+05
  5.130000E+03  2.685E+05
  5.150000E+03  2.636E+05
  5.170000E+03  2.577E+05
  5.190000E+03  2.568E+05
  5.210000E+03  2.555E+05
  5.230000E+03  2.560E+05
  5.250000E+03  2.561E+05
  5.270000E+03  2.473E+05
  5.290000E+03  2.528E+05
  5.310000E+03  2.524E+05
  5.330000E+03  2.442E+05
  5.350000E+03  2.469E+05
  5.370000E+03  2.451E+05
  5.390000E+03  2.405E+05
  5.410000E+03  2.372E+05
  5.430000E+03  2.356E+05
  5.450000E+03  2.355E+05
  5.470000E+03  2.305E+05
  5.490000E+03  2.286E+05
  5.510000E+03  2.263E+05
  5.530000E+03  2.264E+05
  5.550000E+03  2.258E+05
  5.570000E+03  2.232E+05
  5.590000E+03  2.191E+05
  5.610000E+03  2.194E+05
  5.630000E+03  2.159E+05
  5.650000E+03  2.143E+05
  5.670000E+03  2.113E+05
  5.690000E+03  2.121E+05
  5.710000E+03  2.088E+05
  5.730000E+03  2.126E+05
  5.750000E+03  2.072E+05
  5.770000E+03  2.071E+05
  5.790000E+03  2.026E+05
  5.810000E+03  2.041E+05
  5.830000E+03  2.046E+05
  5.850000E+03  2.006E+05
  5.870000E+03  1.964E+05
  5.890000E+03  1.904E+05
  5.910000E+03  1.943E+05
  5.930000E+03  1.932E+05
  5.950000E+03  1.912E+05
  5.970000E+03  1.919E+05
  5.990000E+03  1.885E+05
  6.010000E+03  1.871E+05
  6.030000E+03  1.879E+05
  6.050000E+03  1.878E+05
  6.070000E+03  1.869E+05
  6.090000E+03  1.827E+05
  6.110000E+03  1.818E+05
  6.130000E+03  1.769E+05
  6.150000E+03  1.759E+05
  6.170000E+03  1.723E+05
  6.190000E+03  1.737E+05
  6.210000E+03  1.715E+05
  6.230000E+03  1.676E+05
  6.250000E+03  1.638E+05
  6.270000E+03  1.670E+05
  6.290000E+03  1.680E+05
  6.310000E+03  1.653E+05
  6.330000E+03  1.661E+05
  6.350000E+03  1.642E+05
  6.370000E+03  1.632E+05
  6.390000E+03  1.642E+05
  6.410000E+03  1.624E+05
  6.430000E+03  1.621E+05
  6.450000E+03  1.610E+05
  6.470000E+03  1.604E+05
  6.490000E+03  1.572E+05
  6.510000E+03  1.583E+05
  6.530000E+03  1.565E+05
  6.550000E+03  1.504E+05
  6.570000E+03  1.364E+05
  6.590000E+03  1.524E+05
  6.610000E+03  1.537E+05
  6.630000E+03  1.523E+05
  6.650000E+03  1.508E+05
  6.670000E+03  1.477E+05
  6.690000E+03  1.481E+05
  6.710000E+03  1.449E+05
  6.730000E+03  1.458E+05
  6.750000E+03  1.436E+05
  6.770000E+03  1.436E+05
  6.790000E+03  1.419E+05
  6.810000E+03  1.420E+05
  6.830000E+03  1.421E+05
  6.850000E+03  1.401E+05
  6.870000E+03  1.407E+05
  6.890000E+03  1.416E+05
  6.910000E+03  1.408E+05
  6.930000E+03  1.392E+05
  6.950000E+03  1.377E+05
  6.970000E+03  1.381E+05
  6.990000E+03  1.370E+05
  7.010000E+03  1.351E+05
  7.030000E+03  1.353E+05
  7.050000E+03  1.343E+05
  7.070000E+03  1.303E+05
  7.090000E+03  1.279E+05
  7.110000E+03  1.242E+05
  7.130000E+03  1.221E+05
  7.150000E+03  1.223E+05
  7.170000E+03  1.227E+05
  7.190000E+03  1.215E+05
  7.210000E+03  1.234E+05
  7.230000E+03  1.240E+05
  7.250000E+03  1.246E+05
  7.270000E+03  1.243E+05
  7.290000E+03  1.228E+05
  7.310000E+03  1.245E+05
  7.330000E+03  1.242E+05
  7.350000E+03  1.243E+05
  7.370000E+03  1.257E+05
  7.390000E+03  1.239E+05
  7.410000E+03  1.232E+05
  7.430000E+03  1.235E+05
  7.450000E+03  1.233E+05
  7.470000E+03  1.228E+05
  7.490000E+03  1.220E+05
  7.510000E+03  1.225E+05
  7.530000E+03  1.229E+05
  7.550000E+03  1.229E+05
  7.570000E+03  1.218E+05
  7.590000E+03  1.203E+05
  7.610000E+03  1.192E+05
  7.630000E+03  1.183E+05
  7.650000E+03  1.172E+05
  7.670000E+03  1.143E+05
  7.690000E+03  1.153E+05
  7.710000E+03  1.137E+05
  7.730000E+03  1.133E+05
  7.750000E+03  1.126E+05
  7.770000E+03  1.127E+05
  7.790000E+03  1.131E+05
  7.810000E+03  1.127E+05
  7.830000E+03  1.122E+05
  7.850000E+03  1.106E+05
  7.870000E+03  1.105E+05
  7.890000E+03  1.076E+05
  7.910000E+03  1.059E+05
  7.930000E+03  1.062E+05
  7.950000E+03  1.050E+05
  7.970000E+03  1.069E+05
  7.990000E+03  1.064E+05
  8.010000E+03  1.069E+05
  8.030000E+03  1.066E+05
  8.050000E+03  1.058E+05
  8.070000E+03  1.049E+05
  8.090000E+03  1.031E+05
  8.110000E+03  1.025E+05
  8.130000E+03  1.035E+05
  8.150000E+03  1.032E+05
  8.170000E+03  1.032E+05
  8.190000E+03  1.019E+05
  8.210000E+03  1.012E+05
  8.230000E+03  1.016E+05
  8.250000E+03  1.016E+05
  8.270000E+03  1.018E+05
  8.290000E+03  1.009E+05
  8.310000E+03  9.820E+04
  8.330000E+03  9.813E+04
  8.350000E+03  9.772E+04
  8.370000E+03  9.787E+04
  8.390000E+03  9.632E+04
  8.410000E+03  9.780E+04
  8.430000E+03  9.600E+04
  8.450000E+03  9.540E+04
  8.470000E+03  9.470E+04
  8.490000E+03  9.610E+04
  8.510000E+03  9.154E+04
  8.530000E+03  9.561E+04
  8.550000E+03  8.837E+04
  8.570000E+03  9.732E+04
  8.590000E+03  9.389E+04
  8.610000E+03  9.378E+04
  8.630000E+03  9.749E+04
  8.650000E+03  9.583E+04
  8.670000E+03  8.663E+04
  8.690000E+03  9.446E+04
  8.710000E+03  9.671E+04
  8.730000E+03  9.565E+04
  8.750000E+03  8.996E+04
  8.770000E+03  9.464E+04
  8.790000E+03  9.597E+04
  8.810000E+03  9.454E+04
  8.830000E+03  9.459E+04
  8.850000E+03  9.280E+04
  8.870000E+03  8.797E+04
  8.890000E+03  9.353E+04
  8.910000E+03  9.476E+04
  8.930000E+03  9.309E+04
  8.950000E+03  9.302E+04
  8.970000E+03  9.274E+04
  8.990000E+03  9.166E+04
  9.010000E+03  8.581E+04
  9.030000E+03  8.909E+04
  9.050000E+03  9.277E+04
  9.070000E+03  9.162E+04
  9.090000E+03  8.926E+04
  9.110000E+03  8.949E+04
  9.130000E+03  9.051E+04
  9.150000E+03  8.969E+04
  9.170000E+03  8.856E+04
  9.190000E+03  8.809E+04
  9.210000E+03  8.458E+04
  9.230000E+03  8.013E+04
  9.250000E+03  8.345E+04
  9.270000E+03  8.500E+04
  9.290000E+03  8.529E+04
  9.310000E+03  8.566E+04
  9.330000E+03  8.508E+04
  9.350000E+03  8.490E+04
  9.370000E+03  8.379E+04
  9.390000E+03  8.413E+04
  9.410000E+03  8.221E+04
  9.430000E+03  8.366E+04
  9.450000E+03  8.227E+04
  9.470000E+03  8.298E+04
  9.490000E+03  8.282E+04
  9.510000E+03  8.161E+04
  9.530000E+03  8.067E+04
  9.550000E+03  7.595E+04
  9.570000E+03  7.970E+04
  9.590000E+03  8.149E+04
  9.610000E+03  8.058E+04
  9.630000E+03  8.042E+04
  9.650000E+03  7.972E+04
  9.670000E+03  7.923E+04
  9.690000E+03  7.988E+04
  9.710000E+03  7.938E+04
  9.730000E+03  7.901E+04
  9.750000E+03  7.840E+04
  9.770000E+03  7.840E+04
  9.790000E+03  7.739E+04
  9.810000E+03  7.854E+04
  9.830000E+03  7.787E+04
  9.850000E+03  7.812E+04
  9.870000E+03  7.755E+04
  9.890000E+03  7.721E+04
  9.910000E+03  7.681E+04
  9.930000E+03  7.687E+04
  9.950000E+03  7.665E+04
  9.970000E+03  7.650E+04
  9.990000E+03  7.597E+04
  1.002500E+04  7.423E+04
  1.007500E+04  7.258E+04
  1.012500E+04  7.389E+04
  1.017500E+04  7.305E+04
  1.022500E+04  7.271E+04
  1.027500E+04  7.235E+04
  1.032500E+04  7.106E+04
  1.037500E+04  7.030E+04
  1.042500E+04  7.002E+04
  1.047500E+04  6.912E+04
  1.052500E+04  6.871E+04
  1.057500E+04  6.780E+04
  1.062500E+04  6.722E+04
  1.067500E+04  6.587E+04
  1.072500E+04  6.554E+04
  1.077500E+04  6.481E+04
  1.082500E+04  6.342E+04
  1.087500E+04  6.236E+04
  1.092500E+04  5.999E+04
  1.097500E+04  5.959E+04
  1.102500E+04  5.926E+04
  1.107500E+04  5.864E+04
  1.112500E+04  5.823E+04
  1.117500E+04  5.775E+04
  1.122500E+04  5.742E+04
  1.127500E+04  5.670E+04
  1.132500E+04  5.638E+04
  1.137500E+04  5.603E+04
  1.142500E+04  5.554E+04
  1.147500E+04  5.575E+04
  1.152500E+04  5.543E+04
  1.157500E+04  5.477E+04
  1.162500E+04  5.407E+04
  1.167500E+04  5.380E+04
  1.172500E+04  5.394E+04
  1.177500E+04  5.317E+04
  1.182500E+04  5.272E+04
  1.187500E+04  5.191E+04
  1.192500E+04  5.234E+04
  1.197500E+04  5.086E+04
  1.202500E+04  5.131E+04
  1.207500E+04  5.068E+04
  1.212500E+04  5.041E+04
  1.217500E+04  5.029E+04
  1.222500E+04  4.980E+04
  1.227500E+04  4.938E+04
  1.232500E+04  4.889E+04
  1.237500E+04  4.861E+04
  1.242500E+04  4.813E+04
  1.247500E+04  4.784E+04
  1.252500E+04  4.723E+04
  1.257500E+04  4.697E+04
  1.262500E+04  4.664E+04
  1.267500E+04  4.611E+04
  1.272500E+04  4.594E+04
  1.277500E+04  4.563E+04
  1.282500E+04  4.363E+04
  1.287500E+04  4.469E+04
  1.292500E+04  4.418E+04
  1.297500E+04  4.434E+04
  1.302500E+04  4.373E+04
  1.307500E+04  4.376E+04
  1.312500E+04  4.308E+04
  1.317500E+04  4.285E+04
  1.322500E+04  4.270E+04
  1.327500E+04  4.206E+04
  1.332500E+04  4.214E+04
  1.337500E+04  4.166E+04
  1.342500E+04  4.169E+04
  1.347500E+04  4.134E+04
  1.352500E+04  4.110E+04
  1.357500E+04  4.047E+04
  1.362500E+04  4.026E+04
  1.367500E+04  4.017E+04
  1.372500E+04  4.004E+04
  1.377500E+04  3.977E+04
  1.382500E+04  3.962E+04
  1.387500E+04  3.916E+04
  1.392500E+04  3.866E+04
  1.397500E+04  3.852E+04
  1.402500E+04  3.784E+04
  1.407500E+04  3.765E+04
  1.412500E+04  3.689E+04
  1.417500E+04  3.675E+04
  1.422500E+04  3.623E+04
  1.427500E+04  3.577E+04
  1.432500E+04  3.611E+04
  1.437500E+04  3.611E+04
  1.442500E+04  3.523E+04
  1.447500E+04  3.565E+04
  1.452500E+04  3.521E+04
  1.457000E+04  3.528E+04
  1.462000E+04  3.490E+04
  1.467500E+04  3.476E+04
  1.472500E+04  3.426E+04
  1.477500E+04  3.433E+04
  1.482500E+04  3.425E+04
  1.487500E+04  3.404E+04
  1.492500E+04  3.446E+04
  1.497500E+04  3.409E+04
  1.502500E+04  3.395E+04
  1.507500E+04  3.365E+04
  1.512500E+04  3.390E+04
  1.517500E+04  3.391E+04
  1.522500E+04  3.381E+04
  1.527500E+04  3.378E+04
  1.532500E+04  3.352E+04
  1.537500E+04  3.371E+04
  1.542500E+04  3.352E+04
  1.547500E+04  3.353E+04
  1.552500E+04  3.315E+04
  1.557500E+04  3.175E+04
  1.562500E+04  3.214E+04
  1.567500E+04  3.200E+04
  1.572500E+04  3.243E+04
  1.577500E+04  3.058E+04
  1.582500E+04  3.036E+04
  1.587500E+04  3.017E+04
  1.592500E+04  3.116E+04
  1.597500E+04  3.024E+04
  1.605000E+04  3.052E+04
  1.615000E+04  3.075E+04
  1.625000E+04  3.000E+04
  1.635000E+04  3.055E+04
  1.645000E+04  2.922E+04
  1.655000E+04  2.972E+04
  1.665000E+04  2.904E+04
  1.675000E+04  2.875E+04
  1.685000E+04  2.803E+04
  1.695000E+04  2.812E+04
  1.705000E+04  2.755E+04
  1.715000E+04  2.723E+04
  1.725000E+04  2.666E+04
  1.735000E+04  2.591E+04
  1.745000E+04  2.581E+04
  1.755000E+04  2.543E+04
  1.765000E+04  2.504E+04
  1.775000E+04  2.455E+04
  1.785000E+04  2.432E+04
  1.795000E+04  2.387E+04
  1.805000E+04  2.336E+04
  1.815000E+04  2.289E+04
  1.825000E+04  2.258E+04
  1.835000E+04  2.221E+04
  1.845000E+04  2.176E+04
  1.855000E+04  2.149E+04
  1.865000E+04  2.094E+04
  1.875000E+04  2.045E+04
  1.885000E+04  2.035E+04
  1.895000E+04  1.969E+04
  1.905000E+04  1.979E+04
  1.915000E+04  1.938E+04
  1.925000E+04  1.910E+04
  1.935000E+04  1.862E+04
  1.945000E+04  1.812E+04
  1.955000E+04  1.809E+04
  1.965000E+04  1.774E+04
  1.975000E+04  1.737E+04
  1.985000E+04  1.713E+04
  1.995000E+04  1.687E+04
  2.005000E+04  1.670E+04
  2.015000E+04  1.646E+04
  2.025000E+04  1.603E+04
  2.035000E+04  1.577E+04
  2.045000E+04  1.567E+04
  2.055000E+04  1.536E+04
  2.065000E+04  1.508E+04
  2.075000E+04  1.487E+04
  2.085000E+04  1.462E+04
  2.095000E+04  1.435E+04
  2.105000E+04  1.424E+04
  2.115000E+04  1.396E+04
  2.125000E+04  1.374E+04
  2.135000E+04  1.361E+04
  2.145000E+04  1.339E+04
  2.155000E+04  1.316E+04
  2.165000E+04  1.285E+04
  2.175000E+04  1.271E+04
  2.185000E+04  1.256E+04
  2.195000E+04  1.240E+04
  2.205000E+04  1.213E+04
  2.215000E+04  1.206E+04
  2.225000E+04  1.179E+04
  2.235000E+04  1.163E+04
  2.245000E+04  1.147E+04
  2.255000E+04  1.132E+04
  2.265000E+04  1.110E+04
  2.275000E+04  1.103E+04
  2.285000E+04  1.081E+04
  2.295000E+04  9.164E+03
  2.305000E+04  9.772E+03
  2.315000E+04  9.694E+03
  2.325000E+04  8.331E+03
  2.335000E+04  8.987E+03
  2.345000E+04  8.518E+03
  2.355000E+04  7.637E+03
  2.365000E+04  8.305E+03
  2.375000E+04  7.866E+03
  2.385000E+04  7.248E+03
  2.395000E+04  7.774E+03
  2.405000E+04  7.567E+03
  2.415000E+04  7.012E+03
  2.425000E+04  7.396E+03
  2.435000E+04  7.177E+03
  2.445000E+04  6.915E+03
  2.455000E+04  6.957E+03
  2.465000E+04  6.999E+03
  2.475000E+04  6.832E+03
  2.485000E+04  6.225E+03
  2.495000E+04  6.225E+03
  2.505000E+04  6.397E+03
  2.515000E+04  6.146E+03
  2.525000E+04  6.353E+03
  2.535000E+04  6.401E+03
  2.545000E+04  6.391E+03
  2.555000E+04  6.383E+03
  2.565000E+04  6.403E+03
  2.575000E+04  6.444E+03
  2.585000E+04  6.229E+03
  2.595000E+04  6.241E+03
  2.605000E+04  6.252E+03
  2.615000E+04  6.106E+03
  2.625000E+04  6.005E+03
  2.635000E+04  6.032E+03
  2.645000E+04  5.979E+03
  2.655000E+04  5.877E+03
  2.665000E+04  5.776E+03
  2.675000E+04  5.810E+03
  2.685000E+04  5.756E+03
  2.695000E+04  5.608E+03
  2.705000E+04  5.623E+03
  2.715000E+04  5.556E+03
  2.725000E+04  5.524E+03
  2.735000E+04  5.380E+03
  2.745000E+04  5.380E+03
  2.755000E+04  5.323E+03
  2.765000E+04  5.251E+03
  2.775000E+04  5.150E+03
  2.785000E+04  5.142E+03
  2.795000E+04  5.110E+03
  2.805000E+04  5.046E+03
  2.815000E+04  4.954E+03
  2.825000E+04  4.925E+03
  2.835000E+04  4.894E+03
  2.845000E+04  4.828E+03
  2.855000E+04  4.767E+03
  2.865000E+04  4.713E+03
  2.875000E+04  4.645E+03
  2.885000E+04  4.615E+03
  2.895000E+04  4.564E+03
  2.905000E+04  4.510E+03
  2.915000E+04  4.468E+03
  2.925000E+04  4.391E+03
  2.935000E+04  4.372E+03
  2.945000E+04  4.303E+03
  2.955000E+04  4.254E+03
  2.965000E+04  4.218E+03
  2.975000E+04  4.168E+03
  2.985000E+04  4.111E+03
  2.995000E+04  4.062E+03
  3.005000E+04  4.012E+03
  3.015000E+04  3.975E+03
  3.025000E+04  3.920E+03
  3.035000E+04  3.850E+03
  3.045000E+04  3.827E+03
  3.055000E+04  3.784E+03
  3.065000E+04  3.741E+03
  3.075000E+04  3.704E+03
  3.085000E+04  3.649E+03
  3.095000E+04  3.609E+03
  3.105000E+04  3.580E+03
  3.115000E+04  3.521E+03
  3.125000E+04  3.491E+03
  3.135000E+04  3.452E+03
  3.145000E+04  3.412E+03
  3.155000E+04  3.370E+03
  3.165000E+04  3.326E+03
  3.175000E+04  3.298E+03
  3.185000E+04  3.258E+03
  3.195000E+04  3.223E+03
  3.210000E+04  3.163E+03
  3.230000E+04  3.092E+03
  3.250000E+04  3.022E+03
  3.270000E+04  2.952E+03
  3.290000E+04  2.875E+03
  3.310000E+04  2.820E+03
  3.330000E+04  2.758E+03
  3.350000E+04  2.704E+03
  3.370000E+04  2.642E+03
  3.390000E+04  2.583E+03
  3.410000E+04  2.525E+03
  3.430000E+04  2.477E+03
  3.450000E+04  2.428E+03
  3.470000E+04  2.376E+03
  3.490000E+04  2.328E+03
  3.510000E+04  2.282E+03
  3.530000E+04  2.231E+03
  3.550000E+04  2.188E+03
  3.570000E+04  2.142E+03
  3.590000E+04  2.099E+03
  3.610000E+04  2.060E+03
  3.630000E+04  2.020E+03
  3.650000E+04  1.974E+03
  3.670000E+04  1.936E+03
  3.690000E+04  1.888E+03
  3.710000E+04  1.850E+03
  3.730000E+04  1.819E+03
  3.750000E+04  1.771E+03
  3.770000E+04  1.752E+03
  3.790000E+04  1.717E+03
  3.810000E+04  1.686E+03
  3.830000E+04  1.658E+03
  3.850000E+04  1.629E+03
  3.870000E+04  1.593E+03
  3.890000E+04  1.565E+03
  3.910000E+04  1.536E+03
  3.930000E+04  1.511E+03
  3.950000E+04  1.477E+03
  3.970000E+04  1.451E+03
  3.990000E+04  1.418E+03
  4.010000E+04  1.396E+03
  4.030000E+04  1.373E+03
  4.050000E+04  1.344E+03
  4.070000E+04  1.324E+03
  4.090000E+04  1.301E+03
  4.110000E+04  1.279E+03
  4.130000E+04  1.258E+03
  4.150000E+04  1.234E+03
  4.170000E+04  1.209E+03
  4.190000E+04  1.190E+03
  4.210000E+04  1.168E+03
  4.230000E+04  1.152E+03
  4.250000E+04  1.129E+03
  4.270000E+04  1.112E+03
  4.290000E+04  1.058E+03
  4.310000E+04  1.012E+03
  4.330000E+04  1.013E+03
  4.350000E+04  9.672E+02
  4.370000E+04  9.428E+02
  4.390000E+04  9.225E+02
  4.410000E+04  8.802E+02
  4.430000E+04  8.738E+02
  4.450000E+04  8.540E+02
  4.470000E+04  8.226E+02
  4.490000E+04  8.257E+02
  4.510000E+04  8.037E+02
  4.530000E+04  7.802E+02
  4.550000E+04  7.789E+02
  4.570000E+04  7.661E+02
  4.590000E+04  7.401E+02
  4.610000E+04  7.435E+02
  4.630000E+04  7.262E+02
  4.650000E+04  7.151E+02
  4.670000E+04  7.088E+02
  4.690000E+04  6.972E+02
  4.710000E+04  6.839E+02
  4.730000E+04  6.837E+02
  4.750000E+04  6.696E+02
  4.770000E+04  6.604E+02
  4.790000E+04  6.507E+02
  4.810000E+04  6.369E+02
  4.830000E+04  6.381E+02
  4.850000E+04  6.256E+02
  4.870000E+04  6.136E+02
  4.890000E+04  6.070E+02
  4.910000E+04  5.969E+02
  4.930000E+04  5.890E+02
  4.950000E+04  5.790E+02
  4.970000E+04  5.758E+02
  4.990000E+04  5.652E+02
  5.010000E+04  5.601E+02
  5.030000E+04  5.524E+02
  5.050000E+04  5.407E+02
  5.070000E+04  5.356E+02
  5.090000E+04  5.285E+02
  5.110000E+04  5.196E+02
  5.130000E+04  5.122E+02
  5.150000E+04  5.055E+02
  5.170000E+04  5.037E+02
  5.190000E+04  4.948E+02
  5.210000E+04  4.879E+02
  5.230000E+04  4.809E+02
  5.250000E+04  4.767E+02
  5.270000E+04  4.748E+02
  5.290000E+04  4.633E+02
  5.310000E+04  4.561E+02
  5.330000E+04  4.529E+02
  5.350000E+04  4.470E+02
  5.370000E+04  4.414E+02
  5.390000E+04  4.366E+02
  5.410000E+04  4.312E+02
  5.430000E+04  4.238E+02
  5.450000E+04  4.215E+02
  5.470000E+04  4.137E+02
  5.490000E+04  4.105E+02
  5.510000E+04  4.033E+02
  5.530000E+04  4.044E+02
  5.550000E+04  3.942E+02
  5.570000E+04  3.927E+02
  5.590000E+04  3.860E+02
  5.610000E+04  3.838E+02
  5.630000E+04  3.762E+02
  5.650000E+04  3.742E+02
  5.670000E+04  3.693E+02
  5.690000E+04  3.624E+02
  5.710000E+04  3.608E+02
  5.730000E+04  3.567E+02
  5.750000E+04  3.520E+02
  5.770000E+04  3.475E+02
  5.790000E+04  3.448E+02
  5.810000E+04  3.399E+02
  5.830000E+04  3.361E+02
  5.850000E+04  3.321E+02
  5.870000E+04  3.268E+02
  5.890000E+04  3.234E+02
  5.910000E+04  3.189E+02
  5.930000E+04  3.167E+02
  5.950000E+04  3.120E+02
  5.970000E+04  3.097E+02
  5.990000E+04  3.060E+02
  6.010000E+04  3.025E+02
  6.030000E+04  2.988E+02
  6.050000E+04  2.945E+02
  6.070000E+04  2.913E+02
  6.090000E+04  2.876E+02
  6.110000E+04  2.841E+02
  6.130000E+04  2.814E+02
  6.150000E+04  2.785E+02
  6.170000E+04  2.761E+02
  6.190000E+04  2.725E+02
  6.210000E+04  2.699E+02
  6.230000E+04  2.660E+02
  6.250000E+04  2.624E+02
  6.270000E+04  2.595E+02
  6.290000E+04  2.568E+02
  6.310000E+04  2.537E+02
  6.330000E+04  2.517E+02
  6.350000E+04  2.484E+02
  6.370000E+04  2.464E+02
  6.390000E+04  2.429E+02
  6.420000E+04  2.391E+02
  6.460000E+04  2.334E+02
  6.500000E+04  2.283E+02
  6.540000E+04  2.232E+02
  6.580000E+04  2.186E+02
  6.620000E+04  2.136E+02
  6.660000E+04  2.090E+02
  6.700000E+04  2.045E+02
  6.740000E+04  1.998E+02
  6.780000E+04  1.956E+02
  6.820000E+04  1.913E+02
  6.860000E+04  1.874E+02
  6.900000E+04  1.832E+02
  6.940000E+04  1.793E+02
  6.980000E+04  1.755E+02
  7.020000E+04  1.717E+02
  7.060000E+04  1.682E+02
  7.100000E+04  1.646E+02
  7.140000E+04  1.613E+02
  7.180000E+04  1.579E+02
  7.220000E+04  1.546E+02
  7.260000E+04  1.514E+02
  7.300000E+04  1.483E+02
  7.340000E+04  1.452E+02
  7.380000E+04  1.423E+02
  7.420000E+04  1.393E+02
  7.460000E+04  1.362E+02
  7.500000E+04  1.335E+02
  7.540000E+04  1.310E+02
  7.580000E+04  1.285E+02
  7.620000E+04  1.260E+02
  7.660000E+04  1.235E+02
  7.700000E+04  1.210E+02
  7.740000E+04  1.187E+02
  7.780000E+04  1.164E+02
  7.820000E+04  1.141E+02
  7.860000E+04  1.119E+02
  7.900000E+04  1.098E+02
  7.940000E+04  1.077E+02
  7.980000E+04  1.056E+02
  8.020000E+04  1.036E+02
  8.060000E+04  1.016E+02
  8.100000E+04  9.973E+01
  8.140000E+04  9.782E+01
  8.180000E+04  9.604E+01
  8.220000E+04  9.426E+01
  8.260000E+04  9.250E+01
  8.300000E+04  9.082E+01
  8.340000E+04  8.911E+01
  8.380000E+04  8.749E+01
  8.420000E+04  8.594E+01
  8.460000E+04  8.438E+01
  8.500000E+04  8.286E+01
  8.540000E+04  8.138E+01
  8.580000E+04  7.993E+01
  8.620000E+04  7.852E+01
  8.660000E+04  7.714E+01
  8.700000E+04  7.578E+01
  8.740000E+04  7.446E+01
  8.780000E+04  7.315E+01
  8.820000E+04  7.186E+01
  8.860000E+04  7.062E+01
  8.900000E+04  6.940E+01
  8.940000E+04  6.823E+01
  8.980000E+04  6.703E+01
  9.020000E+04  6.593E+01
  9.060000E+04  6.482E+01
  9.100000E+04  6.368E+01
  9.140000E+04  6.264E+01
  9.180000E+04  6.161E+01
  9.220000E+04  6.059E+01
  9.260000E+04  5.958E+01
  9.300000E+04  5.861E+01
  9.340000E+04  5.763E+01
  9.380000E+04  5.670E+01
  9.420000E+04  5.577E+01
  9.460000E+04  5.486E+01
  9.500000E+04  5.397E+01
  9.540000E+04  5.311E+01
  9.580000E+04  5.226E+01
  9.620000E+04  5.142E+01
  9.660000E+04  5.061E+01
  9.700000E+04  4.981E+01
  9.740000E+04  4.898E+01
  9.780000E+04  4.823E+01
  9.820000E+04  4.749E+01
  9.860000E+04  4.675E+01
  9.900000E+04  4.603E+01
  9.940000E+04  4.531E+01
  9.980000E+04  4.461E+01
  1.002000E+05  4.393E+01
  2.000000E+05  2.943E+00
  4.000000E+05  1.887E-01
  6.000000E+05  3.745E-02
  8.000000E+05  1.185E-02
  1.000000E+06  4.851E-03
  1.200000E+06  2.336E-03
  1.400000E+06  1.259E-03
  1.600000E+06  7.368E-04
