  9.100000E+01  1.019E-05
  9.400000E+01  1.080E-05
  9.600000E+01  1.108E-05
  9.800000E+01  1.294E-05
  1.000000E+02  1.647E-05
  1.020000E+02  1.672E-05
  1.040000E+02  1.679E-05
  1.060000E+02  1.695E-05
  1.080000E+02  1.708E-05
  1.100000E+02  1.756E-05
  1.140000E+02  1.778E-05
  1.180000E+02  1.786E-05
  1.210000E+02  1.965E-05
  1.250000E+02  1.985E-05
  1.270000E+02  2.001E-05
  1.280000E+02  2.007E-05
  1.310000E+02  2.012E-05
  1.320000E+02  2.037E-05
  1.340000E+02  2.025E-05
  1.370000E+02  2.069E-05
  1.400000E+02  2.071E-05
  1.430000E+02  2.221E-05
  1.470000E+02  2.355E-05
  1.510000E+02  2.279E-05
  1.550000E+02  2.386E-05
  1.590000E+02  2.402E-05
  1.620000E+02  2.413E-05
  1.660000E+02  2.431E-05
  1.700000E+02  2.446E-05
  1.730000E+02  2.408E-05
  1.770000E+02  2.474E-05
  1.800000E+02  2.485E-05
  1.820000E+02  2.494E-05
  1.860000E+02  2.507E-05
  1.910000E+02  2.521E-05
  1.940000E+02  2.534E-05
  1.980000E+02  2.548E-05
  2.020000E+02  2.562E-05
  2.050000E+02  2.571E-05
  2.100000E+02  2.542E-05
  2.160000E+02  2.603E-05
  2.200000E+02  2.619E-05
  2.230000E+02  2.619E-05
  2.270000E+02  2.640E-05
  2.300000E+02  3.370E-05
  2.340000E+02  7.593E-05
  2.400000E+02  2.337E-04
  2.460000E+02  2.290E-04
  2.520000E+02  2.488E-04
  2.570000E+02  1.047E-04
  2.600000E+02  2.468E-04
  2.640000E+02  3.111E-04
  2.690000E+02  3.170E-04
  2.740000E+02  3.137E-04
  2.790000E+02  3.036E-04
  2.840000E+02  3.120E-04
  2.900000E+02  2.947E-04
  2.960000E+02  2.718E-04
  3.010000E+02  1.623E-04
  3.080000E+02  2.181E-04
  3.180000E+02  3.137E-04
  3.280000E+02  3.158E-04
  3.380000E+02  3.101E-04
  3.480000E+02  3.024E-04
  3.570000E+02  3.097E-04
  3.660000E+02  3.253E-04
  3.750000E+02  3.171E-04
  3.850000E+02  2.966E-04
  3.950000E+02  3.094E-04
  4.050000E+02  3.142E-04
  4.140000E+02  3.077E-04
  4.220000E+02  2.968E-04
  4.300000E+02  2.859E-04
  4.410000E+02  2.889E-04
  4.510000E+02  2.846E-04
  4.600000E+02  2.716E-04
  4.700000E+02  2.656E-04
  4.800000E+02  2.666E-04
  4.900000E+02  2.511E-04
  5.000000E+02  2.570E-04
  5.060000E+02  2.634E-04
  5.120000E+02  3.437E-04
  5.200000E+02  3.296E-04
  5.300000E+02  3.121E-04
  5.400000E+02  2.871E-04
  5.500000E+02  2.822E-04
  5.600000E+02  3.098E-04
  5.700000E+02  3.118E-04
  5.800000E+02  2.986E-04
  5.900000E+02  2.983E-04
  6.000000E+02  2.764E-04
  6.100000E+02  2.520E-04
  6.200000E+02  2.936E-04
  6.300000E+02  2.835E-04
  6.400000E+02  2.856E-04
  6.500000E+02  2.771E-04
  6.580000E+02  2.653E-04
  6.650000E+02  2.733E-04
  6.750000E+02  2.752E-04
  6.850000E+02  2.540E-04
  6.950000E+02  2.654E-04
  7.050000E+02  2.410E-04
  7.160000E+02  2.616E-04
  7.260000E+02  2.579E-04
  7.350000E+02  2.559E-04
  7.450000E+02  2.484E-04
  7.550000E+02  2.439E-04
  7.650000E+02  2.233E-04
  7.750000E+02  2.367E-04
  7.850000E+02  2.300E-04
  7.950000E+02  2.303E-04
  8.050000E+02  2.276E-04
  8.150000E+02  2.255E-04
  8.250000E+02  2.241E-04
  8.350000E+02  1.968E-04
  8.450000E+02  2.163E-04
  8.550000E+02  2.121E-04
  8.650000E+02  2.122E-04
  8.750000E+02  2.096E-04
  8.850000E+02  2.070E-04
  8.950000E+02  2.045E-04
  9.050000E+02  1.999E-04
  9.150000E+02  1.993E-04
  9.250000E+02  4.195E-04
  9.350000E+02  6.248E-04
  9.450000E+02  8.523E-04
  9.550000E+02  9.645E-04
  9.650000E+02  1.082E-03
  9.750000E+02  5.443E-04
  9.850000E+02  1.023E-03
  9.950000E+02  9.596E-04
  1.005000E+03  1.063E-03
  1.015000E+03  1.007E-03
  1.025000E+03  6.080E-04
  1.035000E+03  8.909E-04
  1.045000E+03  1.125E-03
  1.055000E+03  1.101E-03
  1.065000E+03  9.891E-04
  1.075000E+03  1.041E-03
  1.085000E+03  9.122E-04
  1.095000E+03  1.026E-03
  1.105000E+03  9.819E-04
  1.115000E+03  9.624E-04
  1.125000E+03  8.879E-04
  1.135000E+03  9.548E-04
  1.145000E+03  9.004E-04
  1.155000E+03  8.972E-04
  1.165000E+03  8.912E-04
  1.175000E+03  7.160E-04
  1.185000E+03  8.313E-04
  1.195000E+03  7.279E-04
  1.205000E+03  6.365E-04
  1.215000E+03  4.117E-04
  1.225000E+03  6.392E-04
  1.235000E+03  7.504E-04
  1.245000E+03  7.746E-04
  1.255000E+03  7.616E-04
  1.265000E+03  7.213E-04
  1.275000E+03  7.721E-04
  1.285000E+03  7.735E-04
  1.295000E+03  7.075E-04
  1.305000E+03  6.957E-04
  1.315000E+03  7.395E-04
  1.325000E+03  7.132E-04
  1.335000E+03  6.788E-04
  1.345000E+03  7.031E-04
  1.355000E+03  6.850E-04
  1.365000E+03  6.502E-04
  1.375000E+03  6.468E-04
  1.385000E+03  6.428E-04
  1.395000E+03  5.634E-04
  1.405000E+03  5.528E-04
  1.415000E+03  6.020E-04
  1.425000E+03  5.835E-04
  1.435000E+03  5.850E-04
  1.442000E+03  5.896E-04
  1.447000E+03  5.861E-04
  1.455000E+03  5.719E-04
  1.465000E+03  5.515E-04
  1.475000E+03  5.431E-04
  1.485000E+03  5.385E-04
  1.495000E+03  5.307E-04
  1.505000E+03  5.142E-04
  1.512000E+03  4.888E-04
  1.517000E+03  4.967E-04
  1.525000E+03  4.867E-04
  1.535000E+03  4.467E-04
  1.545000E+03  4.334E-04
  1.555000E+03  4.211E-04
  1.565000E+03  4.339E-04
  1.575000E+03  4.452E-04
  1.585000E+03  4.465E-04
  1.595000E+03  4.465E-04
  1.605000E+03  4.282E-04
  1.615000E+03  4.210E-04
  1.625000E+03  4.115E-04
  1.635000E+03  4.160E-04
  1.645000E+03  4.089E-04
  1.655000E+03  3.998E-04
  1.665000E+03  4.081E-04
  1.672000E+03  3.859E-04
  1.677000E+03  4.067E-04
  1.685000E+03  4.046E-04
  1.695000E+03  3.907E-04
  1.705000E+03  3.791E-04
  1.715000E+03  3.663E-04
  1.725000E+03  3.596E-04
  1.735000E+03  3.675E-04
  1.745000E+03  3.587E-04
  1.755000E+03  3.619E-04
  1.765000E+03  3.458E-04
  1.775000E+03  3.460E-04
  1.785000E+03  3.448E-04
  1.795000E+03  3.463E-04
  1.805000E+03  3.430E-04
  1.815000E+03  3.289E-04
  1.825000E+03  3.278E-04
  1.835000E+03  3.208E-04
  1.845000E+03  3.042E-04
  1.855000E+03  3.012E-04
  1.865000E+03  3.018E-04
  1.875000E+03  3.068E-04
  1.885000E+03  2.905E-04
  1.895000E+03  2.804E-04
  1.905000E+03  2.882E-04
  1.915000E+03  2.789E-04
  1.925000E+03  2.711E-04
  1.935000E+03  2.759E-04
  1.945000E+03  2.790E-04
  1.955000E+03  2.639E-04
  1.967000E+03  2.720E-04
  1.976000E+03  2.748E-04
  1.984000E+03  2.642E-04
  1.995000E+03  2.571E-04
  2.005000E+03  2.585E-04
  2.015000E+03  2.542E-04
  2.025000E+03  2.568E-04
  2.035000E+03  2.471E-04
  2.045000E+03  2.467E-04
  2.055000E+03  2.262E-04
  2.065000E+03  2.322E-04
  2.074000E+03  2.442E-04
  2.078000E+03  2.369E-04
  2.085000E+03  2.387E-04
  2.095000E+03  2.302E-04
  2.105000E+03  2.314E-04
  2.115000E+03  2.303E-04
  2.125000E+03  2.299E-04
  2.135000E+03  2.227E-04
  2.145000E+03  2.206E-04
  2.155000E+03  2.222E-04
  2.165000E+03  2.163E-04
  2.175000E+03  2.143E-04
  2.185000E+03  2.107E-04
  2.195000E+03  2.131E-04
  2.205000E+03  2.083E-04
  2.215000E+03  2.027E-04
  2.225000E+03  1.986E-04
  2.235000E+03  2.013E-04
  2.245000E+03  1.966E-04
  2.255000E+03  1.917E-04
  2.265000E+03  1.917E-04
  2.275000E+03  1.918E-04
  2.285000E+03  1.911E-04
  2.295000E+03  1.841E-04
  2.305000E+03  1.832E-04
  2.315000E+03  1.798E-04
  2.325000E+03  1.624E-04
  2.335000E+03  1.734E-04
  2.345000E+03  1.693E-04
  2.355000E+03  1.715E-04
  2.365000E+03  1.660E-04
  2.375000E+03  1.660E-04
  2.385000E+03  1.595E-04
  2.395000E+03  1.623E-04
  2.405000E+03  1.586E-04
  2.415000E+03  1.580E-04
  2.425000E+03  1.591E-04
  2.435000E+03  1.547E-04
  2.445000E+03  1.562E-04
  2.455000E+03  1.539E-04
  2.465000E+03  1.519E-04
  2.475000E+03  1.489E-04
  2.485000E+03  1.497E-04
  2.495000E+03  1.403E-04
  2.505000E+03  1.482E-04
  2.513000E+03  1.411E-04
  2.518000E+03  1.438E-04
  2.525000E+03  1.406E-04
  2.535000E+03  1.394E-04
  2.545000E+03  1.374E-04
  2.555000E+03  1.392E-04
  2.565000E+03  1.372E-04
  2.575000E+03  1.385E-04
  2.585000E+03  1.371E-04
  2.595000E+03  1.355E-04
  2.605000E+03  1.326E-04
  2.615000E+03  1.311E-04
  2.625000E+03  1.311E-04
  2.635000E+03  1.308E-04
  2.645000E+03  1.335E-04
  2.655000E+03  1.325E-04
  2.665000E+03  1.284E-04
  2.675000E+03  1.288E-04
  2.685000E+03  1.281E-04
  2.695000E+03  1.249E-04
  2.705000E+03  1.248E-04
  2.715000E+03  1.219E-04
  2.725000E+03  1.206E-04
  2.735000E+03  1.212E-04
  2.745000E+03  1.159E-04
  2.755000E+03  1.154E-04
  2.765000E+03  1.159E-04
  2.775000E+03  1.170E-04
  2.785000E+03  1.149E-04
  2.795000E+03  1.062E-04
  2.805000E+03  1.085E-04
  2.815000E+03  1.134E-04
  2.825000E+03  1.127E-04
  2.835000E+03  1.102E-04
  2.845000E+03  1.089E-04
  2.855000E+03  1.074E-04
  2.865000E+03  1.089E-04
  2.875000E+03  1.077E-04
  2.885000E+03  1.071E-04
  2.895000E+03  1.061E-04
  2.910000E+03  1.070E-04
  2.930000E+03  1.042E-04
  2.950000E+03  1.019E-04
  2.970000E+03  1.010E-04
  2.990000E+03  9.943E-05
  3.010000E+03  9.836E-05
  3.030000E+03  9.698E-05
  3.050000E+03  9.553E-05
  3.070000E+03  9.392E-05
  3.090000E+03  9.266E-05
  3.110000E+03  9.124E-05
  3.130000E+03  8.950E-05
  3.150000E+03  8.832E-05
  3.170000E+03  8.717E-05
  3.190000E+03  8.459E-05
  3.210000E+03  8.433E-05
  3.230000E+03  8.249E-05
  3.250000E+03  8.248E-05
  3.270000E+03  8.201E-05
  3.290000E+03  8.081E-05
  3.310000E+03  7.972E-05
  3.330000E+03  7.844E-05
  3.350000E+03  7.695E-05
  3.370000E+03  7.515E-05
  3.390000E+03  7.456E-05
  3.410000E+03  7.394E-05
  3.430000E+03  7.297E-05
  3.450000E+03  7.219E-05
  3.470000E+03  7.142E-05
  3.490000E+03  7.080E-05
  3.510000E+03  7.043E-05
  3.530000E+03  6.911E-05
  3.550000E+03  6.900E-05
  3.570000E+03  6.680E-05
  3.590000E+03  6.576E-05
  3.610000E+03  6.573E-05
  3.630000E+03  6.510E-05
  3.640000E+03  6.487E-05
  3.650000E+03  6.541E-05
  3.670000E+03  6.412E-05
  3.690000E+03  6.254E-05
  3.710000E+03  6.682E-05
  3.730000E+03  6.592E-05
  3.750000E+03  7.515E-05
  3.770000E+03  7.677E-05
  3.790000E+03  8.433E-05
  3.810000E+03  9.125E-05
  3.830000E+03  7.671E-05
  3.850000E+03  9.363E-05
  3.870000E+03  9.800E-05
  3.890000E+03  7.232E-05
  3.910000E+03  9.774E-05
  3.930000E+03  9.142E-05
  3.950000E+03  9.439E-05
  3.970000E+03  6.529E-05
  3.990000E+03  9.396E-05
  4.010000E+03  9.791E-05
  4.030000E+03  9.616E-05
  4.050000E+03  9.589E-05
  4.070000E+03  9.296E-05
  4.090000E+03  8.388E-05
  4.110000E+03  7.132E-05
  4.130000E+03  8.912E-05
  4.150000E+03  9.023E-05
  4.170000E+03  8.946E-05
  4.190000E+03  8.836E-05
  4.210000E+03  8.753E-05
  4.230000E+03  8.626E-05
  4.250000E+03  8.528E-05
  4.270000E+03  8.336E-05
  4.290000E+03  8.178E-05
  4.310000E+03  7.784E-05
  4.330000E+03  7.054E-05
  4.350000E+03  6.345E-05
  4.370000E+03  7.862E-05
  4.390000E+03  7.757E-05
  4.410000E+03  7.788E-05
  4.430000E+03  7.794E-05
  4.450000E+03  7.727E-05
  4.470000E+03  7.603E-05
  4.490000E+03  7.598E-05
  4.510000E+03  7.686E-05
  4.530000E+03  7.454E-05
  4.550000E+03  7.370E-05
  4.570000E+03  7.432E-05
  4.590000E+03  7.257E-05
  4.610000E+03  7.264E-05
  4.630000E+03  7.134E-05
  4.650000E+03  7.085E-05
  4.670000E+03  7.053E-05
  4.690000E+03  6.946E-05
  4.710000E+03  6.789E-05
  4.730000E+03  6.831E-05
  4.750000E+03  6.799E-05
  4.770000E+03  6.733E-05
  4.790000E+03  6.644E-05
  4.810000E+03  6.541E-05
  4.830000E+03  6.410E-05
  4.850000E+03  5.702E-05
  4.870000E+03  4.975E-05
  4.890000E+03  6.140E-05
  4.910000E+03  6.194E-05
  4.930000E+03  6.088E-05
  4.950000E+03  6.149E-05
  4.970000E+03  6.097E-05
  4.990000E+03  5.937E-05
  5.010000E+03  5.784E-05
  5.030000E+03  5.847E-05
  5.050000E+03  5.767E-05
  5.070000E+03  5.802E-05
  5.090000E+03  5.686E-05
  5.110000E+03  5.653E-05
  5.130000E+03  5.558E-05
  5.150000E+03  5.465E-05
  5.170000E+03  5.365E-05
  5.190000E+03  5.351E-05
  5.210000E+03  5.339E-05
  5.230000E+03  5.318E-05
  5.250000E+03  5.321E-05
  5.270000E+03  5.142E-05
  5.290000E+03  5.244E-05
  5.310000E+03  5.237E-05
  5.330000E+03  5.087E-05
  5.350000E+03  5.147E-05
  5.370000E+03  5.098E-05
  5.390000E+03  5.028E-05
  5.410000E+03  4.959E-05
  5.430000E+03  4.934E-05
  5.450000E+03  4.946E-05
  5.470000E+03  4.874E-05
  5.490000E+03  4.837E-05
  5.510000E+03  4.800E-05
  5.530000E+03  4.784E-05
  5.550000E+03  4.773E-05
  5.570000E+03  4.709E-05
  5.590000E+03  4.648E-05
  5.610000E+03  4.651E-05
  5.630000E+03  4.616E-05
  5.650000E+03  4.584E-05
  5.670000E+03  4.523E-05
  5.690000E+03  4.527E-05
  5.710000E+03  4.451E-05
  5.730000E+03  4.506E-05
  5.750000E+03  4.435E-05
  5.770000E+03  4.421E-05
  5.790000E+03  4.356E-05
  5.810000E+03  4.362E-05
  5.830000E+03  4.359E-05
  5.850000E+03  4.296E-05
  5.870000E+03  4.245E-05
  5.890000E+03  4.154E-05
  5.910000E+03  4.201E-05
  5.930000E+03  4.175E-05
  5.950000E+03  4.147E-05
  5.970000E+03  4.139E-05
  5.990000E+03  4.092E-05
  6.010000E+03  4.052E-05
  6.030000E+03  4.046E-05
  6.050000E+03  4.042E-05
  6.070000E+03  4.011E-05
  6.090000E+03  3.955E-05
  6.110000E+03  3.931E-05
  6.130000E+03  3.856E-05
  6.150000E+03  3.846E-05
  6.170000E+03  3.791E-05
  6.190000E+03  3.817E-05
  6.210000E+03  3.791E-05
  6.230000E+03  3.732E-05
  6.250000E+03  3.663E-05
  6.270000E+03  3.707E-05
  6.290000E+03  3.698E-05
  6.310000E+03  3.649E-05
  6.330000E+03  3.647E-05
  6.350000E+03  3.625E-05
  6.370000E+03  3.605E-05
  6.390000E+03  3.596E-05
  6.410000E+03  3.548E-05
  6.430000E+03  3.540E-05
  6.450000E+03  3.520E-05
  6.470000E+03  3.496E-05
  6.490000E+03  3.442E-05
  6.510000E+03  3.450E-05
  6.530000E+03  3.414E-05
  6.550000E+03  3.215E-05
  6.570000E+03  2.833E-05
  6.590000E+03  3.303E-05
  6.610000E+03  3.349E-05
  6.630000E+03  3.340E-05
  6.650000E+03  3.317E-05
  6.670000E+03  3.276E-05
  6.690000E+03  3.284E-05
  6.710000E+03  3.239E-05
  6.730000E+03  3.245E-05
  6.750000E+03  3.209E-05
  6.770000E+03  3.203E-05
  6.790000E+03  3.178E-05
  6.810000E+03  3.162E-05
  6.830000E+03  3.152E-05
  6.850000E+03  3.112E-05
  6.870000E+03  3.112E-05
  6.890000E+03  3.106E-05
  6.910000E+03  3.085E-05
  6.930000E+03  3.063E-05
  6.950000E+03  3.033E-05
  6.970000E+03  3.028E-05
  6.990000E+03  3.010E-05
  7.010000E+03  2.972E-05
  7.030000E+03  2.969E-05
  7.050000E+03  2.953E-05
  7.070000E+03  2.913E-05
  7.090000E+03  2.888E-05
  7.110000E+03  2.858E-05
  7.130000E+03  2.828E-05
  7.150000E+03  2.809E-05
  7.170000E+03  2.804E-05
  7.190000E+03  2.772E-05
  7.210000E+03  2.777E-05
  7.230000E+03  2.783E-05
  7.250000E+03  2.772E-05
  7.270000E+03  2.757E-05
  7.290000E+03  2.724E-05
  7.310000E+03  2.733E-05
  7.330000E+03  2.722E-05
  7.350000E+03  2.708E-05
  7.370000E+03  2.721E-05
  7.390000E+03  2.676E-05
  7.410000E+03  2.656E-05
  7.430000E+03  2.665E-05
  7.450000E+03  2.652E-05
  7.470000E+03  2.646E-05
  7.490000E+03  2.625E-05
  7.510000E+03  2.624E-05
  7.530000E+03  2.617E-05
  7.550000E+03  2.611E-05
  7.570000E+03  2.589E-05
  7.590000E+03  2.566E-05
  7.610000E+03  2.554E-05
  7.630000E+03  2.537E-05
  7.650000E+03  2.512E-05
  7.670000E+03  2.475E-05
  7.690000E+03  2.491E-05
  7.710000E+03  2.451E-05
  7.730000E+03  2.452E-05
  7.750000E+03  2.433E-05
  7.770000E+03  2.424E-05
  7.790000E+03  2.427E-05
  7.810000E+03  2.419E-05
  7.830000E+03  2.403E-05
  7.850000E+03  2.385E-05
  7.870000E+03  2.370E-05
  7.890000E+03  2.340E-05
  7.910000E+03  2.310E-05
  7.930000E+03  2.310E-05
  7.950000E+03  2.288E-05
  7.970000E+03  2.301E-05
  7.990000E+03  2.294E-05
  8.010000E+03  2.315E-05
  8.030000E+03  2.304E-05
  8.050000E+03  2.284E-05
  8.070000E+03  2.276E-05
  8.090000E+03  2.254E-05
  8.110000E+03  2.247E-05
  8.130000E+03  2.245E-05
  8.150000E+03  2.239E-05
  8.170000E+03  2.228E-05
  8.190000E+03  2.200E-05
  8.210000E+03  2.197E-05
  8.230000E+03  2.186E-05
  8.250000E+03  2.180E-05
  8.270000E+03  2.172E-05
  8.290000E+03  2.161E-05
  8.310000E+03  2.132E-05
  8.330000E+03  2.112E-05
  8.350000E+03  2.113E-05
  8.370000E+03  2.092E-05
  8.390000E+03  2.072E-05
  8.410000E+03  2.078E-05
  8.430000E+03  2.066E-05
  8.450000E+03  2.058E-05
  8.470000E+03  2.016E-05
  8.490000E+03  2.061E-05
  8.510000E+03  1.958E-05
  8.530000E+03  2.063E-05
  8.550000E+03  1.836E-05
  8.570000E+03  2.080E-05
  8.590000E+03  1.999E-05
  8.610000E+03  1.973E-05
  8.630000E+03  2.075E-05
  8.650000E+03  2.029E-05
  8.670000E+03  1.789E-05
  8.690000E+03  2.022E-05
  8.710000E+03  2.059E-05
  8.730000E+03  2.014E-05
  8.750000E+03  1.845E-05
  8.770000E+03  1.975E-05
  8.790000E+03  2.027E-05
  8.810000E+03  1.997E-05
  8.830000E+03  1.989E-05
  8.850000E+03  1.917E-05
  8.870000E+03  1.805E-05
  8.890000E+03  1.941E-05
  8.910000E+03  1.961E-05
  8.930000E+03  1.956E-05
  8.950000E+03  1.950E-05
  8.970000E+03  1.938E-05
  8.990000E+03  1.904E-05
  9.010000E+03  1.749E-05
  9.030000E+03  1.820E-05
  9.050000E+03  1.890E-05
  9.070000E+03  1.891E-05
  9.090000E+03  1.865E-05
  9.110000E+03  1.873E-05
  9.130000E+03  1.868E-05
  9.150000E+03  1.861E-05
  9.170000E+03  1.847E-05
  9.190000E+03  1.830E-05
  9.210000E+03  1.764E-05
  9.230000E+03  1.635E-05
  9.250000E+03  1.737E-05
  9.270000E+03  1.778E-05
  9.290000E+03  1.789E-05
  9.310000E+03  1.778E-05
  9.330000E+03  1.776E-05
  9.350000E+03  1.762E-05
  9.370000E+03  1.752E-05
  9.390000E+03  1.754E-05
  9.410000E+03  1.729E-05
  9.430000E+03  1.736E-05
  9.450000E+03  1.710E-05
  9.470000E+03  1.715E-05
  9.490000E+03  1.703E-05
  9.510000E+03  1.685E-05
  9.530000E+03  1.645E-05
  9.550000E+03  1.530E-05
  9.570000E+03  1.638E-05
  9.590000E+03  1.660E-05
  9.610000E+03  1.657E-05
  9.630000E+03  1.653E-05
  9.650000E+03  1.637E-05
  9.670000E+03  1.634E-05
  9.690000E+03  1.631E-05
  9.710000E+03  1.623E-05
  9.730000E+03  1.613E-05
  9.750000E+03  1.597E-05
  9.770000E+03  1.600E-05
  9.790000E+03  1.585E-05
  9.810000E+03  1.592E-05
  9.830000E+03  1.588E-05
  9.850000E+03  1.575E-05
  9.870000E+03  1.559E-05
  9.890000E+03  1.551E-05
  9.910000E+03  1.548E-05
  9.930000E+03  1.547E-05
  9.950000E+03  1.539E-05
  9.970000E+03  1.532E-05
  9.990000E+03  1.525E-05
  1.002500E+04  1.470E-05
  1.007500E+04  1.432E-05
  1.012500E+04  1.462E-05
  1.017500E+04  1.438E-05
  1.022500E+04  1.429E-05
  1.027500E+04  1.419E-05
  1.032500E+04  1.401E-05
  1.037500E+04  1.383E-05
  1.042500E+04  1.366E-05
  1.047500E+04  1.349E-05
  1.052500E+04  1.335E-05
  1.057500E+04  1.323E-05
  1.062500E+04  1.307E-05
  1.067500E+04  1.283E-05
  1.072500E+04  1.276E-05
  1.077500E+04  1.264E-05
  1.082500E+04  1.240E-05
  1.087500E+04  1.218E-05
  1.092500E+04  1.165E-05
  1.097500E+04  1.175E-05
  1.102500E+04  1.181E-05
  1.107500E+04  1.166E-05
  1.112500E+04  1.162E-05
  1.117500E+04  1.152E-05
  1.122500E+04  1.145E-05
  1.127500E+04  1.126E-05
  1.132500E+04  1.112E-05
  1.137500E+04  1.096E-05
  1.142500E+04  1.080E-05
  1.147500E+04  1.079E-05
  1.152500E+04  1.078E-05
  1.157500E+04  1.064E-05
  1.162500E+04  1.049E-05
  1.167500E+04  1.037E-05
  1.172500E+04  1.028E-05
  1.177500E+04  1.016E-05
  1.182500E+04  1.004E-05
  1.187500E+04  9.901E-06
  1.192500E+04  9.848E-06
  1.197500E+04  9.603E-06
  1.202500E+04  9.697E-06
  1.207500E+04  9.487E-06
  1.212500E+04  9.484E-06
  1.217500E+04  9.419E-06
  1.222500E+04  9.361E-06
  1.227500E+04  9.249E-06
  1.232500E+04  9.126E-06
  1.237500E+04  9.083E-06
  1.242500E+04  8.969E-06
  1.247500E+04  8.855E-06
  1.252500E+04  8.792E-06
  1.257500E+04  8.700E-06
  1.262500E+04  8.708E-06
  1.267500E+04  8.527E-06
  1.272500E+04  8.543E-06
  1.277500E+04  8.398E-06
  1.282500E+04  8.015E-06
  1.287500E+04  8.214E-06
  1.292500E+04  8.256E-06
  1.297500E+04  8.171E-06
  1.302500E+04  8.154E-06
  1.307500E+04  8.070E-06
  1.312500E+04  7.983E-06
  1.317500E+04  7.890E-06
  1.322500E+04  7.857E-06
  1.327500E+04  7.727E-06
  1.332500E+04  7.707E-06
  1.337500E+04  7.604E-06
  1.342500E+04  7.651E-06
  1.347500E+04  7.600E-06
  1.352500E+04  7.555E-06
  1.357500E+04  7.400E-06
  1.362500E+04  7.324E-06
  1.367500E+04  7.343E-06
  1.372500E+04  7.250E-06
  1.377500E+04  7.242E-06
  1.382500E+04  7.202E-06
  1.387500E+04  7.124E-06
  1.392500E+04  7.083E-06
  1.397500E+04  6.975E-06
  1.402500E+04  6.942E-06
  1.407500E+04  6.859E-06
  1.412500E+04  6.737E-06
  1.417500E+04  6.743E-06
  1.422500E+04  6.696E-06
  1.427500E+04  6.670E-06
  1.432500E+04  6.636E-06
  1.437500E+04  6.645E-06
  1.442500E+04  6.482E-06
  1.447500E+04  6.497E-06
  1.452500E+04  6.378E-06
  1.457000E+04  6.419E-06
  1.462000E+04  6.378E-06
  1.467500E+04  6.307E-06
  1.472500E+04  6.228E-06
  1.477500E+04  6.210E-06
  1.482500E+04  6.222E-06
  1.487500E+04  6.180E-06
  1.492500E+04  6.220E-06
  1.497500E+04  6.130E-06
  1.502500E+04  6.024E-06
  1.507500E+04  6.010E-06
  1.512500E+04  5.968E-06
  1.517500E+04  6.015E-06
  1.522500E+04  5.959E-06
  1.527500E+04  5.972E-06
  1.532500E+04  5.892E-06
  1.537500E+04  5.859E-06
  1.542500E+04  5.856E-06
  1.547500E+04  5.857E-06
  1.552500E+04  5.780E-06
  1.557500E+04  5.623E-06
  1.562500E+04  5.759E-06
  1.567500E+04  5.692E-06
  1.572500E+04  5.650E-06
  1.577500E+04  5.487E-06
  1.582500E+04  5.541E-06
  1.587500E+04  5.408E-06
  1.592500E+04  5.535E-06
  1.597500E+04  5.520E-06
  1.605000E+04  5.469E-06
  1.615000E+04  5.360E-06
  1.625000E+04  5.288E-06
  1.635000E+04  5.309E-06
  1.645000E+04  5.127E-06
  1.655000E+04  5.125E-06
  1.665000E+04  4.981E-06
  1.675000E+04  5.036E-06
  1.685000E+04  4.781E-06
  1.695000E+04  4.850E-06
  1.705000E+04  4.726E-06
  1.715000E+04  4.698E-06
  1.725000E+04  4.568E-06
  1.735000E+04  4.412E-06
  1.745000E+04  4.418E-06
  1.755000E+04  4.383E-06
  1.765000E+04  4.271E-06
  1.775000E+04  4.163E-06
  1.785000E+04  4.164E-06
  1.795000E+04  3.957E-06
  1.805000E+04  3.926E-06
  1.815000E+04  3.832E-06
  1.825000E+04  3.735E-06
  1.835000E+04  3.671E-06
  1.845000E+04  3.682E-06
  1.855000E+04  3.646E-06
  1.865000E+04  3.530E-06
  1.875000E+04  3.385E-06
  1.885000E+04  3.423E-06
  1.895000E+04  3.321E-06
  1.905000E+04  3.386E-06
  1.915000E+04  3.272E-06
  1.925000E+04  3.245E-06
  1.935000E+04  3.198E-06
  1.945000E+04  3.022E-06
  1.955000E+04  3.053E-06
  1.965000E+04  3.017E-06
  1.975000E+04  2.958E-06
  1.985000E+04  2.869E-06
  1.995000E+04  2.879E-06
  2.005000E+04  2.837E-06
  2.015000E+04  2.836E-06
  2.025000E+04  2.745E-06
  2.035000E+04  2.690E-06
  2.045000E+04  2.638E-06
  2.055000E+04  2.594E-06
  2.065000E+04  2.535E-06
  2.075000E+04  2.491E-06
  2.085000E+04  2.527E-06
  2.095000E+04  2.434E-06
  2.105000E+04  2.423E-06
  2.115000E+04  2.369E-06
  2.125000E+04  2.353E-06
  2.135000E+04  2.315E-06
  2.145000E+04  2.259E-06
  2.155000E+04  2.241E-06
  2.165000E+04  2.167E-06
  2.175000E+04  2.137E-06
  2.185000E+04  2.111E-06
  2.195000E+04  2.066E-06
  2.205000E+04  2.008E-06
  2.215000E+04  1.997E-06
  2.225000E+04  1.989E-06
  2.235000E+04  1.957E-06
  2.245000E+04  1.952E-06
  2.255000E+04  1.891E-06
  2.265000E+04  1.860E-06
  2.275000E+04  1.845E-06
  2.285000E+04  1.808E-06
  2.295000E+04  1.630E-06
  2.305000E+04  1.721E-06
  2.315000E+04  1.722E-06
  2.325000E+04  1.530E-06
  2.335000E+04  1.641E-06
  2.345000E+04  1.576E-06
  2.355000E+04  1.446E-06
  2.365000E+04  1.512E-06
  2.375000E+04  1.503E-06
  2.385000E+04  1.361E-06
  2.395000E+04  1.451E-06
  2.405000E+04  1.420E-06
  2.415000E+04  1.299E-06
  2.425000E+04  1.325E-06
  2.435000E+04  1.312E-06
  2.445000E+04  1.260E-06
  2.455000E+04  1.248E-06
  2.465000E+04  1.254E-06
  2.475000E+04  1.215E-06
  2.485000E+04  1.137E-06
  2.495000E+04  1.130E-06
  2.505000E+04  1.146E-06
  2.515000E+04  1.086E-06
  2.525000E+04  1.102E-06
  2.535000E+04  1.105E-06
  2.545000E+04  1.090E-06
  2.555000E+04  1.086E-06
  2.565000E+04  1.077E-06
  2.575000E+04  1.089E-06
  2.585000E+04  1.064E-06
  2.595000E+04  1.063E-06
  2.605000E+04  1.069E-06
  2.615000E+04  1.040E-06
  2.625000E+04  1.034E-06
  2.635000E+04  1.050E-06
  2.645000E+04  1.027E-06
  2.655000E+04  1.025E-06
  2.665000E+04  1.021E-06
  2.675000E+04  9.998E-07
  2.685000E+04  9.790E-07
  2.695000E+04  9.789E-07
  2.705000E+04  9.760E-07
  2.715000E+04  9.621E-07
  2.725000E+04  9.783E-07
  2.735000E+04  9.584E-07
  2.745000E+04  9.660E-07
  2.755000E+04  9.370E-07
  2.765000E+04  9.222E-07
  2.775000E+04  9.202E-07
  2.785000E+04  9.224E-07
  2.795000E+04  9.183E-07
  2.805000E+04  8.981E-07
  2.815000E+04  8.846E-07
  2.825000E+04  8.806E-07
  2.835000E+04  8.562E-07
  2.845000E+04  8.178E-07
  2.855000E+04  8.345E-07
  2.865000E+04  8.330E-07
  2.875000E+04  8.081E-07
  2.885000E+04  8.009E-07
  2.895000E+04  7.831E-07
  2.905000E+04  7.889E-07
  2.915000E+04  7.671E-07
  2.925000E+04  7.437E-07
  2.935000E+04  7.368E-07
  2.945000E+04  7.205E-07
  2.955000E+04  7.069E-07
  2.965000E+04  6.967E-07
  2.975000E+04  6.865E-07
  2.985000E+04  6.741E-07
  2.995000E+04  6.667E-07
  3.005000E+04  6.594E-07
  3.015000E+04  6.504E-07
  3.025000E+04  6.415E-07
  3.035000E+04  6.272E-07
  3.045000E+04  6.248E-07
  3.055000E+04  6.200E-07
  3.065000E+04  6.137E-07
  3.075000E+04  6.081E-07
  3.085000E+04  5.998E-07
  3.095000E+04  5.920E-07
  3.105000E+04  5.873E-07
  3.115000E+04  5.788E-07
  3.125000E+04  5.728E-07
  3.135000E+04  5.658E-07
  3.145000E+04  5.596E-07
  3.155000E+04  5.523E-07
  3.165000E+04  5.459E-07
  3.175000E+04  5.401E-07
  3.185000E+04  5.350E-07
  3.195000E+04  5.303E-07
  3.210000E+04  5.205E-07
  3.230000E+04  5.090E-07
  3.250000E+04  5.003E-07
  3.270000E+04  4.897E-07
  3.290000E+04  4.765E-07
  3.310000E+04  4.685E-07
  3.330000E+04  4.631E-07
  3.350000E+04  4.610E-07
  3.370000E+04  4.474E-07
  3.390000E+04  4.422E-07
  3.410000E+04  4.382E-07
  3.430000E+04  4.357E-07
  3.450000E+04  4.258E-07
  3.470000E+04  4.168E-07
  3.490000E+04  4.035E-07
  3.510000E+04  3.998E-07
  3.530000E+04  3.894E-07
  3.550000E+04  3.761E-07
  3.570000E+04  3.737E-07
  3.590000E+04  3.640E-07
  3.610000E+04  3.583E-07
  3.630000E+04  3.460E-07
  3.650000E+04  3.374E-07
  3.670000E+04  3.311E-07
  3.690000E+04  3.208E-07
  3.710000E+04  3.123E-07
  3.730000E+04  3.046E-07
  3.750000E+04  2.938E-07
  3.770000E+04  2.892E-07
  3.790000E+04  2.834E-07
  3.810000E+04  2.770E-07
  3.830000E+04  2.712E-07
  3.850000E+04  2.668E-07
  3.870000E+04  2.615E-07
  3.890000E+04  2.565E-07
  3.910000E+04  2.513E-07
  3.930000E+04  2.482E-07
  3.950000E+04  2.441E-07
  3.970000E+04  2.406E-07
  3.990000E+04  2.361E-07
  4.010000E+04  2.317E-07
  4.030000E+04  2.281E-07
  4.050000E+04  2.245E-07
  4.070000E+04  2.226E-07
  4.090000E+04  2.202E-07
  4.110000E+04  2.182E-07
  4.130000E+04  2.140E-07
  4.150000E+04  2.078E-07
  4.170000E+04  2.056E-07
  4.190000E+04  2.048E-07
  4.210000E+04  2.001E-07
  4.230000E+04  1.989E-07
  4.250000E+04  1.959E-07
  4.270000E+04  1.934E-07
  4.290000E+04  1.841E-07
  4.310000E+04  1.760E-07
  4.330000E+04  1.758E-07
  4.350000E+04  1.659E-07
  4.370000E+04  1.611E-07
  4.390000E+04  1.582E-07
  4.410000E+04  1.522E-07
  4.430000E+04  1.514E-07
  4.450000E+04  1.477E-07
  4.470000E+04  1.425E-07
  4.490000E+04  1.440E-07
  4.510000E+04  1.403E-07
  4.530000E+04  1.343E-07
  4.550000E+04  1.317E-07
  4.570000E+04  1.287E-07
  4.590000E+04  1.243E-07
  4.610000E+04  1.252E-07
  4.630000E+04  1.228E-07
  4.650000E+04  1.210E-07
  4.670000E+04  1.192E-07
  4.690000E+04  1.168E-07
  4.710000E+04  1.147E-07
  4.730000E+04  1.163E-07
  4.750000E+04  1.137E-07
  4.770000E+04  1.118E-07
  4.790000E+04  1.099E-07
  4.810000E+04  1.073E-07
  4.830000E+04  1.073E-07
  4.850000E+04  1.052E-07
  4.870000E+04  1.033E-07
  4.890000E+04  1.024E-07
  4.910000E+04  1.003E-07
  4.930000E+04  9.915E-08
  4.950000E+04  9.672E-08
  4.970000E+04  9.545E-08
  4.990000E+04  9.442E-08
  5.010000E+04  9.362E-08
  5.030000E+04  9.209E-08
  5.050000E+04  8.967E-08
  5.070000E+04  8.869E-08
  5.090000E+04  8.807E-08
  5.110000E+04  8.674E-08
  5.130000E+04  8.555E-08
  5.150000E+04  8.460E-08
  5.170000E+04  8.448E-08
  5.190000E+04  8.284E-08
  5.210000E+04  8.153E-08
  5.230000E+04  8.031E-08
  5.250000E+04  7.965E-08
  5.270000E+04  7.944E-08
  5.290000E+04  7.764E-08
  5.310000E+04  7.644E-08
  5.330000E+04  7.561E-08
  5.350000E+04  7.445E-08
  5.370000E+04  7.362E-08
  5.390000E+04  7.271E-08
  5.410000E+04  7.195E-08
  5.430000E+04  7.099E-08
  5.450000E+04  7.059E-08
  5.470000E+04  6.946E-08
  5.490000E+04  6.880E-08
  5.510000E+04  6.779E-08
  5.530000E+04  6.803E-08
  5.550000E+04  6.611E-08
  5.570000E+04  6.632E-08
  5.590000E+04  6.486E-08
  5.610000E+04  6.448E-08
  5.630000E+04  6.314E-08
  5.650000E+04  6.291E-08
  5.670000E+04  6.191E-08
  5.690000E+04  6.083E-08
  5.710000E+04  6.036E-08
  5.730000E+04  5.968E-08
  5.750000E+04  5.880E-08
  5.770000E+04  5.791E-08
  5.790000E+04  5.781E-08
  5.810000E+04  5.703E-08
  5.830000E+04  5.655E-08
  5.850000E+04  5.596E-08
  5.870000E+04  5.526E-08
  5.890000E+04  5.453E-08
  5.910000E+04  5.363E-08
  5.930000E+04  5.305E-08
  5.950000E+04  5.235E-08
  5.970000E+04  5.195E-08
  5.990000E+04  5.125E-08
  6.010000E+04  5.057E-08
  6.030000E+04  5.007E-08
  6.050000E+04  4.954E-08
  6.070000E+04  4.912E-08
  6.090000E+04  4.852E-08
  6.110000E+04  4.781E-08
  6.130000E+04  4.726E-08
  6.150000E+04  4.672E-08
  6.170000E+04  4.615E-08
  6.190000E+04  4.542E-08
  6.210000E+04  4.489E-08
  6.230000E+04  4.435E-08
  6.250000E+04  4.386E-08
  6.270000E+04  4.326E-08
  6.290000E+04  4.261E-08
  6.310000E+04  4.207E-08
  6.330000E+04  4.169E-08
  6.350000E+04  4.130E-08
  6.370000E+04  4.103E-08
  6.390000E+04  4.038E-08
  6.420000E+04  3.950E-08
  6.460000E+04  3.848E-08
  6.500000E+04  3.770E-08
  6.540000E+04  3.686E-08
  6.580000E+04  3.585E-08
  6.620000E+04  3.493E-08
  6.660000E+04  3.433E-08
  6.700000E+04  3.365E-08
  6.740000E+04  3.288E-08
  6.780000E+04  3.204E-08
  6.820000E+04  3.143E-08
  6.860000E+04  3.078E-08
  6.900000E+04  2.987E-08
  6.940000E+04  2.919E-08
  6.980000E+04  2.856E-08
  7.020000E+04  2.798E-08
  7.060000E+04  2.736E-08
  7.100000E+04  2.683E-08
  7.140000E+04  2.626E-08
  7.180000E+04  2.577E-08
  7.220000E+04  2.532E-08
  7.260000E+04  2.486E-08
  7.300000E+04  2.433E-08
  7.340000E+04  2.380E-08
  7.380000E+04  2.327E-08
  7.420000E+04  2.280E-08
  7.460000E+04  2.238E-08
  7.500000E+04  2.194E-08
  7.540000E+04  2.158E-08
  7.580000E+04  2.102E-08
  7.620000E+04  2.061E-08
  7.660000E+04  2.011E-08
  7.700000E+04  1.981E-08
  7.740000E+04  1.947E-08
  7.780000E+04  1.911E-08
  7.820000E+04  1.870E-08
  7.860000E+04  1.830E-08
  7.900000E+04  1.797E-08
  7.940000E+04  1.770E-08
  7.980000E+04  1.737E-08
  8.020000E+04  1.707E-08
  8.060000E+04  1.672E-08
  8.100000E+04  1.641E-08
  8.140000E+04  1.609E-08
  8.180000E+04  1.579E-08
  8.220000E+04  1.543E-08
  8.260000E+04  1.515E-08
  8.300000E+04  1.489E-08
  8.340000E+04  1.463E-08
  8.380000E+04  1.441E-08
  8.420000E+04  1.415E-08
  8.460000E+04  1.389E-08
  8.500000E+04  1.364E-08
  8.540000E+04  1.342E-08
  8.580000E+04  1.320E-08
  8.620000E+04  1.297E-08
  8.660000E+04  1.274E-08
  8.700000E+04  1.252E-08
  8.740000E+04  1.234E-08
  8.780000E+04  1.216E-08
  8.820000E+04  1.202E-08
  8.860000E+04  1.183E-08
  8.900000E+04  1.165E-08
  8.940000E+04  1.144E-08
  8.980000E+04  1.124E-08
  9.020000E+04  1.106E-08
  9.060000E+04  1.084E-08
  9.100000E+04  1.064E-08
  9.140000E+04  1.044E-08
  9.180000E+04  1.027E-08
  9.220000E+04  1.013E-08
  9.260000E+04  1.004E-08
  9.300000E+04  9.904E-09
  9.340000E+04  9.701E-09
  9.380000E+04  9.526E-09
  9.420000E+04  9.357E-09
  9.460000E+04  9.214E-09
  9.500000E+04  9.124E-09
  9.540000E+04  8.995E-09
  9.580000E+04  8.843E-09
  9.620000E+04  8.718E-09
  9.660000E+04  8.556E-09
  9.700000E+04  8.400E-09
  9.740000E+04  8.312E-09
  9.780000E+04  8.209E-09
  9.820000E+04  8.086E-09
  9.860000E+04  7.989E-09
  9.900000E+04  7.885E-09
  9.940000E+04  7.741E-09
  9.980000E+04  7.589E-09
  1.002000E+05  7.452E-09
  2.000000E+05  4.208E-10
  4.000000E+05  2.672E-11
  6.000000E+05  5.278E-12
  8.000000E+05  1.665E-12
  1.000000E+06  6.797E-13
  1.200000E+06  3.266E-13
  1.400000E+06  1.756E-13
  1.600000E+06  1.026E-13
