  9.100000E+01  1.466E-06
  9.400000E+01  1.540E-06
  9.600000E+01  1.577E-06
  9.800000E+01  1.837E-06
  1.000000E+02  2.330E-06
  1.020000E+02  2.368E-06
  1.040000E+02  2.372E-06
  1.060000E+02  2.393E-06
  1.080000E+02  2.407E-06
  1.100000E+02  2.502E-06
  1.140000E+02  2.532E-06
  1.180000E+02  2.531E-06
  1.210000E+02  2.953E-06
  1.250000E+02  2.986E-06
  1.270000E+02  3.002E-06
  1.280000E+02  3.014E-06
  1.310000E+02  3.011E-06
  1.320000E+02  3.072E-06
  1.340000E+02  3.055E-06
  1.370000E+02  3.140E-06
  1.400000E+02  3.150E-06
  1.430000E+02  3.558E-06
  1.470000E+02  3.943E-06
  1.510000E+02  3.858E-06
  1.550000E+02  4.028E-06
  1.590000E+02  4.081E-06
  1.620000E+02  4.122E-06
  1.660000E+02  4.181E-06
  1.700000E+02  4.229E-06
  1.730000E+02  4.182E-06
  1.770000E+02  4.321E-06
  1.800000E+02  4.359E-06
  1.820000E+02  4.389E-06
  1.860000E+02  4.438E-06
  1.910000E+02  4.500E-06
  1.940000E+02  4.543E-06
  1.980000E+02  4.597E-06
  2.020000E+02  4.651E-06
  2.050000E+02  4.690E-06
  2.100000E+02  4.654E-06
  2.160000E+02  4.828E-06
  2.200000E+02  4.883E-06
  2.230000E+02  4.902E-06
  2.270000E+02  4.970E-06
  2.300000E+02  6.841E-06
  2.340000E+02  1.074E-05
  2.400000E+02  1.383E-05
  2.460000E+02  1.318E-05
  2.520000E+02  1.344E-05
  2.570000E+02  1.027E-05
  2.600000E+02  1.276E-05
  2.640000E+02  1.354E-05
  2.690000E+02  1.335E-05
  2.740000E+02  1.308E-05
  2.790000E+02  1.268E-05
  2.840000E+02  1.259E-05
  2.900000E+02  1.181E-05
  2.960000E+02  1.153E-05
  3.010000E+02  1.003E-05
  3.080000E+02  1.038E-05
  3.180000E+02  1.099E-05
  3.280000E+02  1.062E-05
  3.380000E+02  1.016E-05
  3.480000E+02  9.700E-06
  3.570000E+02  9.513E-06
  3.660000E+02  9.462E-06
  3.750000E+02  9.098E-06
  3.850000E+02  8.429E-06
  3.950000E+02  8.463E-06
  4.050000E+02  8.301E-06
  4.140000E+02  8.008E-06
  4.220000E+02  7.688E-06
  4.300000E+02  7.372E-06
  4.410000E+02  7.217E-06
  4.510000E+02  6.969E-06
  4.600000E+02  6.643E-06
  4.700000E+02  6.404E-06
  4.800000E+02  6.263E-06
  4.900000E+02  5.916E-06
  5.000000E+02  5.859E-06
  5.060000E+02  5.804E-06
  5.120000E+02  6.596E-06
  5.200000E+02  6.333E-06
  5.300000E+02  6.013E-06
  5.400000E+02  5.589E-06
  5.500000E+02  5.407E-06
  5.600000E+02  5.634E-06
  5.700000E+02  5.565E-06
  5.800000E+02  5.325E-06
  5.900000E+02  5.233E-06
  6.000000E+02  4.905E-06
  6.100000E+02  4.468E-06
  6.200000E+02  4.929E-06
  6.300000E+02  4.732E-06
  6.400000E+02  4.703E-06
  6.500000E+02  4.542E-06
  6.580000E+02  4.356E-06
  6.650000E+02  4.411E-06
  6.750000E+02  4.370E-06
  6.850000E+02  4.081E-06
  6.950000E+02  4.159E-06
  7.050000E+02  3.840E-06
  7.160000E+02  4.012E-06
  7.260000E+02  3.930E-06
  7.350000E+02  3.867E-06
  7.450000E+02  3.744E-06
  7.550000E+02  3.654E-06
  7.650000E+02  3.369E-06
  7.750000E+02  3.503E-06
  7.850000E+02  3.387E-06
  7.950000E+02  3.363E-06
  8.050000E+02  3.309E-06
  8.150000E+02  3.258E-06
  8.250000E+02  3.214E-06
  8.350000E+02  2.891E-06
  8.450000E+02  3.078E-06
  8.550000E+02  3.006E-06
  8.650000E+02  2.984E-06
  8.750000E+02  2.935E-06
  8.850000E+02  2.884E-06
  8.950000E+02  2.837E-06
  9.050000E+02  2.767E-06
  9.150000E+02  2.742E-06
  9.250000E+02  5.291E-06
  9.350000E+02  7.789E-06
  9.450000E+02  1.098E-05
  9.550000E+02  1.417E-05
  9.650000E+02  1.683E-05
  9.750000E+02  7.451E-06
  9.850000E+02  2.825E-05
  9.950000E+02  4.439E-05
  1.005000E+03  4.968E-05
  1.015000E+03  2.324E-05
  1.025000E+03  7.896E-06
  1.035000E+03  1.749E-05
  1.045000E+03  5.827E-05
  1.055000E+03  9.863E-05
  1.065000E+03  9.956E-05
  1.075000E+03  1.194E-04
  1.085000E+03  1.126E-04
  1.095000E+03  1.220E-04
  1.105000E+03  2.044E-04
  1.115000E+03  2.322E-04
  1.125000E+03  2.506E-04
  1.135000E+03  2.583E-04
  1.145000E+03  2.315E-04
  1.155000E+03  2.293E-04
  1.165000E+03  2.264E-04
  1.175000E+03  1.791E-04
  1.185000E+03  1.224E-04
  1.195000E+03  2.966E-05
  1.205000E+03  1.621E-05
  1.215000E+03  6.103E-06
  1.225000E+03  1.420E-05
  1.235000E+03  5.623E-05
  1.245000E+03  1.409E-04
  1.255000E+03  2.087E-04
  1.265000E+03  1.708E-04
  1.275000E+03  3.373E-04
  1.285000E+03  4.254E-04
  1.295000E+03  4.234E-04
  1.305000E+03  3.599E-04
  1.315000E+03  4.731E-04
  1.325000E+03  4.991E-04
  1.335000E+03  4.810E-04
  1.345000E+03  5.585E-04
  1.355000E+03  5.270E-04
  1.365000E+03  4.845E-04
  1.375000E+03  5.346E-04
  1.385000E+03  5.440E-04
  1.395000E+03  5.670E-04
  1.405000E+03  5.624E-04
  1.415000E+03  5.230E-04
  1.425000E+03  5.426E-04
  1.435000E+03  5.039E-04
  1.442000E+03  5.502E-04
  1.447000E+03  5.786E-04
  1.455000E+03  5.737E-04
  1.465000E+03  5.346E-04
  1.475000E+03  5.177E-04
  1.485000E+03  5.337E-04
  1.495000E+03  5.538E-04
  1.505000E+03  5.581E-04
  1.512000E+03  5.293E-04
  1.517000E+03  5.572E-04
  1.525000E+03  5.034E-04
  1.535000E+03  4.706E-04
  1.545000E+03  5.408E-04
  1.555000E+03  5.000E-04
  1.565000E+03  4.643E-04
  1.575000E+03  4.922E-04
  1.585000E+03  5.204E-04
  1.595000E+03  5.422E-04
  1.605000E+03  5.107E-04
  1.615000E+03  5.095E-04
  1.625000E+03  4.693E-04
  1.635000E+03  4.885E-04
  1.645000E+03  5.014E-04
  1.655000E+03  4.325E-04
  1.665000E+03  4.958E-04
  1.672000E+03  4.163E-04
  1.677000E+03  4.722E-04
  1.685000E+03  5.075E-04
  1.695000E+03  4.736E-04
  1.705000E+03  4.597E-04
  1.715000E+03  4.584E-04
  1.725000E+03  4.510E-04
  1.735000E+03  4.709E-04
  1.745000E+03  4.592E-04
  1.755000E+03  4.879E-04
  1.765000E+03  4.357E-04
  1.775000E+03  4.727E-04
  1.785000E+03  4.677E-04
  1.795000E+03  4.927E-04
  1.805000E+03  4.778E-04
  1.815000E+03  4.699E-04
  1.825000E+03  4.549E-04
  1.835000E+03  4.446E-04
  1.845000E+03  4.189E-04
  1.855000E+03  4.315E-04
  1.865000E+03  4.333E-04
  1.875000E+03  4.474E-04
  1.885000E+03  4.427E-04
  1.895000E+03  4.373E-04
  1.905000E+03  4.276E-04
  1.915000E+03  4.315E-04
  1.925000E+03  4.318E-04
  1.935000E+03  4.217E-04
  1.945000E+03  4.402E-04
  1.955000E+03  4.330E-04
  1.967000E+03  4.419E-04
  1.976000E+03  4.349E-04
  1.984000E+03  4.270E-04
  1.995000E+03  4.148E-04
  2.005000E+03  4.108E-04
  2.015000E+03  3.971E-04
  2.025000E+03  3.981E-04
  2.035000E+03  4.033E-04
  2.045000E+03  4.113E-04
  2.055000E+03  3.962E-04
  2.065000E+03  3.922E-04
  2.074000E+03  4.031E-04
  2.078000E+03  4.098E-04
  2.085000E+03  4.101E-04
  2.095000E+03  3.958E-04
  2.105000E+03  3.904E-04
  2.115000E+03  3.901E-04
  2.125000E+03  3.904E-04
  2.135000E+03  3.560E-04
  2.145000E+03  3.819E-04
  2.155000E+03  3.814E-04
  2.165000E+03  3.641E-04
  2.175000E+03  3.603E-04
  2.185000E+03  3.610E-04
  2.195000E+03  3.786E-04
  2.205000E+03  3.633E-04
  2.215000E+03  3.414E-04
  2.225000E+03  3.366E-04
  2.235000E+03  3.652E-04
  2.245000E+03  3.392E-04
  2.255000E+03  3.305E-04
  2.265000E+03  3.286E-04
  2.275000E+03  3.443E-04
  2.285000E+03  3.527E-04
  2.295000E+03  3.344E-04
  2.305000E+03  3.340E-04
  2.315000E+03  3.240E-04
  2.325000E+03  2.808E-04
  2.335000E+03  3.103E-04
  2.345000E+03  2.879E-04
  2.355000E+03  3.161E-04
  2.365000E+03  2.883E-04
  2.375000E+03  3.014E-04
  2.385000E+03  2.714E-04
  2.395000E+03  2.919E-04
  2.405000E+03  2.806E-04
  2.415000E+03  2.859E-04
  2.425000E+03  3.027E-04
  2.435000E+03  2.903E-04
  2.445000E+03  3.080E-04
  2.455000E+03  2.992E-04
  2.465000E+03  2.961E-04
  2.475000E+03  2.835E-04
  2.485000E+03  2.913E-04
  2.495000E+03  2.846E-04
  2.505000E+03  3.095E-04
  2.513000E+03  2.810E-04
  2.518000E+03  2.799E-04
  2.525000E+03  2.659E-04
  2.535000E+03  2.684E-04
  2.545000E+03  2.690E-04
  2.555000E+03  2.903E-04
  2.565000E+03  2.828E-04
  2.575000E+03  2.986E-04
  2.585000E+03  2.955E-04
  2.595000E+03  2.907E-04
  2.605000E+03  2.785E-04
  2.615000E+03  2.754E-04
  2.625000E+03  2.872E-04
  2.635000E+03  2.977E-04
  2.645000E+03  3.284E-04
  2.655000E+03  3.355E-04
  2.665000E+03  3.076E-04
  2.675000E+03  3.184E-04
  2.685000E+03  3.227E-04
  2.695000E+03  3.034E-04
  2.705000E+03  3.123E-04
  2.715000E+03  2.919E-04
  2.725000E+03  2.887E-04
  2.735000E+03  3.053E-04
  2.745000E+03  2.642E-04
  2.755000E+03  2.708E-04
  2.765000E+03  2.855E-04
  2.775000E+03  2.964E-04
  2.785000E+03  2.787E-04
  2.795000E+03  2.082E-04
  2.805000E+03  2.290E-04
  2.815000E+03  2.931E-04
  2.825000E+03  3.074E-04
  2.835000E+03  3.005E-04
  2.845000E+03  2.865E-04
  2.855000E+03  2.699E-04
  2.865000E+03  3.013E-04
  2.875000E+03  3.055E-04
  2.885000E+03  3.043E-04
  2.895000E+03  3.047E-04
  2.910000E+03  3.321E-04
  2.930000E+03  3.177E-04
  2.950000E+03  3.132E-04
  2.970000E+03  3.166E-04
  2.990000E+03  3.173E-04
  3.010000E+03  3.220E-04
  3.030000E+03  3.220E-04
  3.050000E+03  3.240E-04
  3.070000E+03  3.204E-04
  3.090000E+03  3.218E-04
  3.110000E+03  3.225E-04
  3.130000E+03  3.162E-04
  3.150000E+03  3.144E-04
  3.170000E+03  3.188E-04
  3.190000E+03  3.049E-04
  3.210000E+03  3.155E-04
  3.230000E+03  3.014E-04
  3.250000E+03  3.224E-04
  3.270000E+03  3.345E-04
  3.290000E+03  3.310E-04
  3.310000E+03  3.278E-04
  3.330000E+03  3.254E-04
  3.350000E+03  3.196E-04
  3.370000E+03  3.013E-04
  3.390000E+03  3.093E-04
  3.410000E+03  3.139E-04
  3.430000E+03  3.187E-04
  3.450000E+03  3.216E-04
  3.470000E+03  3.209E-04
  3.490000E+03  3.255E-04
  3.510000E+03  3.307E-04
  3.530000E+03  3.217E-04
  3.550000E+03  3.340E-04
  3.570000E+03  3.086E-04
  3.590000E+03  3.058E-04
  3.610000E+03  3.177E-04
  3.630000E+03  3.182E-04
  3.640000E+03  3.191E-04
  3.650000E+03  3.322E-04
  3.670000E+03  3.252E-04
  3.690000E+03  3.094E-04
  3.710000E+03  3.425E-04
  3.730000E+03  3.273E-04
  3.750000E+03  3.917E-04
  3.770000E+03  4.168E-04
  3.790000E+03  4.804E-04
  3.810000E+03  5.376E-04
  3.830000E+03  4.211E-04
  3.850000E+03  5.595E-04
  3.870000E+03  6.109E-04
  3.890000E+03  4.043E-04
  3.910000E+03  6.320E-04
  3.930000E+03  5.711E-04
  3.950000E+03  6.105E-04
  3.970000E+03  3.531E-04
  3.990000E+03  6.249E-04
  4.010000E+03  6.862E-04
  4.030000E+03  6.849E-04
  4.050000E+03  6.747E-04
  4.070000E+03  6.466E-04
  4.090000E+03  5.562E-04
  4.110000E+03  4.635E-04
  4.130000E+03  6.289E-04
  4.150000E+03  6.493E-04
  4.170000E+03  6.472E-04
  4.190000E+03  6.367E-04
  4.210000E+03  6.323E-04
  4.230000E+03  6.216E-04
  4.250000E+03  6.154E-04
  4.270000E+03  5.998E-04
  4.290000E+03  5.797E-04
  4.310000E+03  5.331E-04
  4.330000E+03  4.778E-04
  4.350000E+03  4.256E-04
  4.370000E+03  5.683E-04
  4.390000E+03  5.674E-04
  4.410000E+03  5.778E-04
  4.430000E+03  5.861E-04
  4.450000E+03  5.815E-04
  4.470000E+03  5.830E-04
  4.490000E+03  5.785E-04
  4.510000E+03  5.921E-04
  4.530000E+03  5.701E-04
  4.550000E+03  5.672E-04
  4.570000E+03  5.772E-04
  4.590000E+03  5.616E-04
  4.610000E+03  5.657E-04
  4.630000E+03  5.566E-04
  4.650000E+03  5.555E-04
  4.670000E+03  5.552E-04
  4.690000E+03  5.474E-04
  4.710000E+03  5.353E-04
  4.730000E+03  5.416E-04
  4.750000E+03  5.412E-04
  4.770000E+03  5.357E-04
  4.790000E+03  5.296E-04
  4.810000E+03  5.212E-04
  4.830000E+03  5.075E-04
  4.850000E+03  4.346E-04
  4.870000E+03  3.755E-04
  4.890000E+03  4.851E-04
  4.910000E+03  4.977E-04
  4.930000E+03  4.940E-04
  4.950000E+03  5.003E-04
  4.970000E+03  4.983E-04
  4.990000E+03  4.832E-04
  5.010000E+03  4.721E-04
  5.030000E+03  4.795E-04
  5.050000E+03  4.750E-04
  5.070000E+03  4.799E-04
  5.090000E+03  4.704E-04
  5.110000E+03  4.692E-04
  5.130000E+03  4.621E-04
  5.150000E+03  4.538E-04
  5.170000E+03  4.443E-04
  5.190000E+03  4.450E-04
  5.210000E+03  4.478E-04
  5.230000E+03  4.480E-04
  5.250000E+03  4.506E-04
  5.270000E+03  4.325E-04
  5.290000E+03  4.459E-04
  5.310000E+03  4.476E-04
  5.330000E+03  4.325E-04
  5.350000E+03  4.406E-04
  5.370000E+03  4.367E-04
  5.390000E+03  4.318E-04
  5.410000E+03  4.257E-04
  5.430000E+03  4.253E-04
  5.450000E+03  4.270E-04
  5.470000E+03  4.216E-04
  5.490000E+03  4.200E-04
  5.510000E+03  4.176E-04
  5.530000E+03  4.166E-04
  5.550000E+03  4.173E-04
  5.570000E+03  4.114E-04
  5.590000E+03  4.062E-04
  5.610000E+03  4.078E-04
  5.630000E+03  4.066E-04
  5.650000E+03  4.050E-04
  5.670000E+03  3.997E-04
  5.690000E+03  4.011E-04
  5.710000E+03  3.951E-04
  5.730000E+03  4.020E-04
  5.750000E+03  3.954E-04
  5.770000E+03  3.946E-04
  5.790000E+03  3.896E-04
  5.810000E+03  3.902E-04
  5.830000E+03  3.909E-04
  5.850000E+03  3.848E-04
  5.870000E+03  3.830E-04
  5.890000E+03  3.719E-04
  5.910000E+03  3.779E-04
  5.930000E+03  3.757E-04
  5.950000E+03  3.746E-04
  5.970000E+03  3.739E-04
  5.990000E+03  3.700E-04
  6.010000E+03  3.663E-04
  6.030000E+03  3.659E-04
  6.050000E+03  3.665E-04
  6.070000E+03  3.640E-04
  6.090000E+03  3.599E-04
  6.110000E+03  3.578E-04
  6.130000E+03  3.514E-04
  6.150000E+03  3.509E-04
  6.170000E+03  3.442E-04
  6.190000E+03  3.480E-04
  6.210000E+03  3.464E-04
  6.230000E+03  3.416E-04
  6.250000E+03  3.356E-04
  6.270000E+03  3.399E-04
  6.290000E+03  3.399E-04
  6.310000E+03  3.358E-04
  6.330000E+03  3.354E-04
  6.350000E+03  3.343E-04
  6.370000E+03  3.331E-04
  6.390000E+03  3.320E-04
  6.410000E+03  3.263E-04
  6.430000E+03  3.270E-04
  6.450000E+03  3.260E-04
  6.470000E+03  3.230E-04
  6.490000E+03  3.185E-04
  6.510000E+03  3.186E-04
  6.530000E+03  3.146E-04
  6.550000E+03  2.929E-04
  6.570000E+03  2.565E-04
  6.590000E+03  3.041E-04
  6.610000E+03  3.123E-04
  6.630000E+03  3.120E-04
  6.650000E+03  3.099E-04
  6.670000E+03  3.063E-04
  6.690000E+03  3.077E-04
  6.710000E+03  3.035E-04
  6.730000E+03  3.043E-04
  6.750000E+03  3.011E-04
  6.770000E+03  3.021E-04
  6.790000E+03  2.991E-04
  6.810000E+03  2.986E-04
  6.830000E+03  2.974E-04
  6.850000E+03  2.939E-04
  6.870000E+03  2.949E-04
  6.890000E+03  2.933E-04
  6.910000E+03  2.920E-04
  6.930000E+03  2.907E-04
  6.950000E+03  2.878E-04
  6.970000E+03  2.875E-04
  6.990000E+03  2.874E-04
  7.010000E+03  2.836E-04
  7.030000E+03  2.827E-04
  7.050000E+03  2.810E-04
  7.070000E+03  2.800E-04
  7.090000E+03  2.750E-04
  7.110000E+03  2.749E-04
  7.130000E+03  2.712E-04
  7.150000E+03  2.673E-04
  7.170000E+03  2.671E-04
  7.190000E+03  2.674E-04
  7.210000E+03  2.660E-04
  7.230000E+03  2.693E-04
  7.250000E+03  2.668E-04
  7.270000E+03  2.647E-04
  7.290000E+03  2.629E-04
  7.310000E+03  2.638E-04
  7.330000E+03  2.622E-04
  7.350000E+03  2.598E-04
  7.370000E+03  2.639E-04
  7.390000E+03  2.556E-04
  7.410000E+03  2.576E-04
  7.430000E+03  2.592E-04
  7.450000E+03  2.564E-04
  7.470000E+03  2.578E-04
  7.490000E+03  2.551E-04
  7.510000E+03  2.566E-04
  7.530000E+03  2.553E-04
  7.550000E+03  2.550E-04
  7.570000E+03  2.522E-04
  7.590000E+03  2.498E-04
  7.610000E+03  2.508E-04
  7.630000E+03  2.492E-04
  7.650000E+03  2.441E-04
  7.670000E+03  2.426E-04
  7.690000E+03  2.453E-04
  7.710000E+03  2.399E-04
  7.730000E+03  2.415E-04
  7.750000E+03  2.398E-04
  7.770000E+03  2.383E-04
  7.790000E+03  2.398E-04
  7.810000E+03  2.390E-04
  7.830000E+03  2.376E-04
  7.850000E+03  2.362E-04
  7.870000E+03  2.322E-04
  7.890000E+03  2.286E-04
  7.910000E+03  2.264E-04
  7.930000E+03  2.296E-04
  7.950000E+03  2.256E-04
  7.970000E+03  2.251E-04
  7.990000E+03  2.272E-04
  8.010000E+03  2.308E-04
  8.030000E+03  2.283E-04
  8.050000E+03  2.258E-04
  8.070000E+03  2.242E-04
  8.090000E+03  2.216E-04
  8.110000E+03  2.203E-04
  8.130000E+03  2.210E-04
  8.150000E+03  2.224E-04
  8.170000E+03  2.206E-04
  8.190000E+03  2.175E-04
  8.210000E+03  2.194E-04
  8.230000E+03  2.173E-04
  8.250000E+03  2.169E-04
  8.270000E+03  2.154E-04
  8.290000E+03  2.164E-04
  8.310000E+03  2.133E-04
  8.330000E+03  2.124E-04
  8.350000E+03  2.119E-04
  8.370000E+03  2.100E-04
  8.390000E+03  2.094E-04
  8.410000E+03  2.079E-04
  8.430000E+03  2.065E-04
  8.450000E+03  2.039E-04
  8.470000E+03  2.012E-04
  8.490000E+03  2.032E-04
  8.510000E+03  1.974E-04
  8.530000E+03  2.053E-04
  8.550000E+03  1.859E-04
  8.570000E+03  2.051E-04
  8.590000E+03  1.988E-04
  8.610000E+03  1.968E-04
  8.630000E+03  2.070E-04
  8.650000E+03  2.029E-04
  8.670000E+03  1.826E-04
  8.690000E+03  2.025E-04
  8.710000E+03  2.076E-04
  8.730000E+03  1.992E-04
  8.750000E+03  1.824E-04
  8.770000E+03  1.960E-04
  8.790000E+03  2.052E-04
  8.810000E+03  1.967E-04
  8.830000E+03  1.995E-04
  8.850000E+03  1.910E-04
  8.870000E+03  1.834E-04
  8.890000E+03  1.911E-04
  8.910000E+03  1.947E-04
  8.930000E+03  1.962E-04
  8.950000E+03  1.971E-04
  8.970000E+03  1.947E-04
  8.990000E+03  1.901E-04
  9.010000E+03  1.770E-04
  9.030000E+03  1.823E-04
  9.050000E+03  1.875E-04
  9.070000E+03  1.911E-04
  9.090000E+03  1.876E-04
  9.110000E+03  1.880E-04
  9.130000E+03  1.868E-04
  9.150000E+03  1.867E-04
  9.170000E+03  1.850E-04
  9.190000E+03  1.826E-04
  9.210000E+03  1.713E-04
  9.230000E+03  1.620E-04
  9.250000E+03  1.698E-04
  9.270000E+03  1.765E-04
  9.290000E+03  1.793E-04
  9.310000E+03  1.752E-04
  9.330000E+03  1.772E-04
  9.350000E+03  1.744E-04
  9.370000E+03  1.755E-04
  9.390000E+03  1.764E-04
  9.410000E+03  1.744E-04
  9.430000E+03  1.745E-04
  9.450000E+03  1.676E-04
  9.470000E+03  1.713E-04
  9.490000E+03  1.693E-04
  9.510000E+03  1.681E-04
  9.530000E+03  1.647E-04
  9.550000E+03  1.550E-04
  9.570000E+03  1.650E-04
  9.590000E+03  1.661E-04
  9.610000E+03  1.678E-04
  9.630000E+03  1.682E-04
  9.650000E+03  1.650E-04
  9.670000E+03  1.667E-04
  9.690000E+03  1.651E-04
  9.710000E+03  1.648E-04
  9.730000E+03  1.633E-04
  9.750000E+03  1.597E-04
  9.770000E+03  1.626E-04
  9.790000E+03  1.603E-04
  9.810000E+03  1.626E-04
  9.830000E+03  1.635E-04
  9.850000E+03  1.599E-04
  9.870000E+03  1.567E-04
  9.890000E+03  1.558E-04
  9.910000E+03  1.568E-04
  9.930000E+03  1.582E-04
  9.950000E+03  1.572E-04
  9.970000E+03  1.566E-04
  9.990000E+03  1.567E-04
  1.002500E+04  1.495E-04
  1.007500E+04  1.450E-04
  1.012500E+04  1.478E-04
  1.017500E+04  1.434E-04
  1.022500E+04  1.435E-04
  1.027500E+04  1.433E-04
  1.032500E+04  1.442E-04
  1.037500E+04  1.411E-04
  1.042500E+04  1.370E-04
  1.047500E+04  1.367E-04
  1.052500E+04  1.342E-04
  1.057500E+04  1.349E-04
  1.062500E+04  1.334E-04
  1.067500E+04  1.310E-04
  1.072500E+04  1.307E-04
  1.077500E+04  1.312E-04
  1.082500E+04  1.272E-04
  1.087500E+04  1.225E-04
  1.092500E+04  1.171E-04
  1.097500E+04  1.166E-04
  1.102500E+04  1.172E-04
  1.107500E+04  1.138E-04
  1.112500E+04  1.168E-04
  1.117500E+04  1.174E-04
  1.122500E+04  1.172E-04
  1.127500E+04  1.153E-04
  1.132500E+04  1.126E-04
  1.137500E+04  1.093E-04
  1.142500E+04  1.072E-04
  1.147500E+04  1.076E-04
  1.152500E+04  1.105E-04
  1.157500E+04  1.095E-04
  1.162500E+04  1.086E-04
  1.167500E+04  1.061E-04
  1.172500E+04  1.027E-04
  1.177500E+04  1.039E-04
  1.182500E+04  1.019E-04
  1.187500E+04  1.011E-04
  1.192500E+04  9.730E-05
  1.197500E+04  9.533E-05
  1.202500E+04  9.871E-05
  1.207500E+04  9.375E-05
  1.212500E+04  9.583E-05
  1.217500E+04  9.462E-05
  1.222500E+04  9.561E-05
  1.227500E+04  9.421E-05
  1.232500E+04  9.133E-05
  1.237500E+04  9.239E-05
  1.242500E+04  9.028E-05
  1.247500E+04  8.766E-05
  1.252500E+04  8.833E-05
  1.257500E+04  8.679E-05
  1.262500E+04  9.001E-05
  1.267500E+04  8.487E-05
  1.272500E+04  8.747E-05
  1.277500E+04  8.470E-05
  1.282500E+04  8.242E-05
  1.287500E+04  8.241E-05
  1.292500E+04  8.635E-05
  1.297500E+04  8.317E-05
  1.302500E+04  8.556E-05
  1.307500E+04  8.327E-05
  1.312500E+04  8.324E-05
  1.317500E+04  8.140E-05
  1.322500E+04  8.116E-05
  1.327500E+04  7.936E-05
  1.332500E+04  7.907E-05
  1.337500E+04  7.719E-05
  1.342500E+04  8.001E-05
  1.347500E+04  8.008E-05
  1.352500E+04  7.997E-05
  1.357500E+04  7.696E-05
  1.362500E+04  7.541E-05
  1.367500E+04  7.736E-05
  1.372500E+04  7.482E-05
  1.377500E+04  7.613E-05
  1.382500E+04  7.580E-05
  1.387500E+04  7.492E-05
  1.392500E+04  7.496E-05
  1.397500E+04  7.172E-05
  1.402500E+04  7.347E-05
  1.407500E+04  6.994E-05
  1.412500E+04  6.729E-05
  1.417500E+04  6.790E-05
  1.422500E+04  6.923E-05
  1.427500E+04  7.038E-05
  1.432500E+04  6.814E-05
  1.437500E+04  6.908E-05
  1.442500E+04  6.704E-05
  1.447500E+04  6.566E-05
  1.452500E+04  6.379E-05
  1.457000E+04  6.558E-05
  1.462000E+04  6.543E-05
  1.467500E+04  6.341E-05
  1.472500E+04  6.309E-05
  1.477500E+04  6.264E-05
  1.482500E+04  6.421E-05
  1.487500E+04  6.479E-05
  1.492500E+04  6.544E-05
  1.497500E+04  6.371E-05
  1.502500E+04  6.132E-05
  1.507500E+04  6.266E-05
  1.512500E+04  5.963E-05
  1.517500E+04  6.235E-05
  1.522500E+04  6.060E-05
  1.527500E+04  6.275E-05
  1.532500E+04  6.062E-05
  1.537500E+04  5.848E-05
  1.542500E+04  6.115E-05
  1.547500E+04  6.022E-05
  1.552500E+04  5.871E-05
  1.557500E+04  5.769E-05
  1.562500E+04  5.961E-05
  1.567500E+04  5.978E-05
  1.572500E+04  5.939E-05
  1.577500E+04  5.543E-05
  1.582500E+04  5.724E-05
  1.587500E+04  5.779E-05
  1.592500E+04  5.729E-05
  1.597500E+04  5.880E-05
  1.605000E+04  5.823E-05
  1.615000E+04  5.679E-05
  1.625000E+04  5.425E-05
  1.635000E+04  5.614E-05
  1.645000E+04  5.602E-05
  1.655000E+04  5.303E-05
  1.665000E+04  5.172E-05
  1.675000E+04  5.655E-05
  1.685000E+04  5.157E-05
  1.695000E+04  5.284E-05
  1.705000E+04  5.174E-05
  1.715000E+04  5.246E-05
  1.725000E+04  5.015E-05
  1.735000E+04  4.940E-05
  1.745000E+04  4.911E-05
  1.755000E+04  4.980E-05
  1.765000E+04  4.727E-05
  1.775000E+04  4.531E-05
  1.785000E+04  4.729E-05
  1.795000E+04  4.066E-05
  1.805000E+04  4.215E-05
  1.815000E+04  4.212E-05
  1.825000E+04  3.863E-05
  1.835000E+04  3.750E-05
  1.845000E+04  4.040E-05
  1.855000E+04  4.051E-05
  1.865000E+04  3.815E-05
  1.875000E+04  3.610E-05
  1.885000E+04  3.715E-05
  1.895000E+04  3.577E-05
  1.905000E+04  3.878E-05
  1.915000E+04  3.604E-05
  1.925000E+04  3.650E-05
  1.935000E+04  3.687E-05
  1.945000E+04  3.290E-05
  1.955000E+04  3.370E-05
  1.965000E+04  3.378E-05
  1.975000E+04  3.307E-05
  1.985000E+04  3.062E-05
  1.995000E+04  3.245E-05
  2.005000E+04  3.166E-05
  2.015000E+04  3.281E-05
  2.025000E+04  3.098E-05
  2.035000E+04  3.025E-05
  2.045000E+04  2.870E-05
  2.055000E+04  2.833E-05
  2.065000E+04  2.731E-05
  2.075000E+04  2.660E-05
  2.085000E+04  2.929E-05
  2.095000E+04  2.688E-05
  2.105000E+04  2.717E-05
  2.115000E+04  2.623E-05
  2.125000E+04  2.669E-05
  2.135000E+04  2.601E-05
  2.145000E+04  2.479E-05
  2.155000E+04  2.517E-05
  2.165000E+04  2.434E-05
  2.175000E+04  2.320E-05
  2.185000E+04  2.296E-05
  2.195000E+04  2.190E-05
  2.205000E+04  2.078E-05
  2.215000E+04  2.096E-05
  2.225000E+04  2.182E-05
  2.235000E+04  2.126E-05
  2.245000E+04  2.189E-05
  2.255000E+04  2.026E-05
  2.265000E+04  1.990E-05
  2.275000E+04  1.989E-05
  2.285000E+04  1.940E-05
  2.295000E+04  1.834E-05
  2.305000E+04  1.991E-05
  2.315000E+04  2.037E-05
  2.325000E+04  1.786E-05
  2.335000E+04  2.016E-05
  2.345000E+04  1.838E-05
  2.355000E+04  1.734E-05
  2.365000E+04  1.773E-05
  2.375000E+04  1.829E-05
  2.385000E+04  1.589E-05
  2.395000E+04  1.782E-05
  2.405000E+04  1.684E-05
  2.415000E+04  1.484E-05
  2.425000E+04  1.464E-05
  2.435000E+04  1.458E-05
  2.445000E+04  1.418E-05
  2.455000E+04  1.383E-05
  2.465000E+04  1.366E-05
  2.475000E+04  1.314E-05
  2.485000E+04  1.207E-05
  2.495000E+04  1.183E-05
  2.505000E+04  1.186E-05
  2.515000E+04  1.132E-05
  2.525000E+04  1.151E-05
  2.535000E+04  1.138E-05
  2.545000E+04  1.133E-05
  2.555000E+04  1.158E-05
  2.565000E+04  1.138E-05
  2.575000E+04  1.165E-05
  2.585000E+04  1.177E-05
  2.595000E+04  1.157E-05
  2.605000E+04  1.195E-05
  2.615000E+04  1.157E-05
  2.625000E+04  1.188E-05
  2.635000E+04  1.225E-05
  2.645000E+04  1.150E-05
  2.655000E+04  1.195E-05
  2.665000E+04  1.227E-05
  2.675000E+04  1.147E-05
  2.685000E+04  1.076E-05
  2.695000E+04  1.129E-05
  2.705000E+04  1.127E-05
  2.715000E+04  1.103E-05
  2.725000E+04  1.187E-05
  2.735000E+04  1.162E-05
  2.745000E+04  1.200E-05
  2.755000E+04  1.133E-05
  2.765000E+04  1.094E-05
  2.775000E+04  1.113E-05
  2.785000E+04  1.140E-05
  2.795000E+04  1.140E-05
  2.805000E+04  1.092E-05
  2.815000E+04  1.076E-05
  2.825000E+04  1.083E-05
  2.835000E+04  1.009E-05
  2.845000E+04  8.893E-06
  2.855000E+04  9.821E-06
  2.865000E+04  1.009E-05
  2.875000E+04  9.584E-06
  2.885000E+04  9.325E-06
  2.895000E+04  8.900E-06
  2.905000E+04  9.374E-06
  2.915000E+04  8.751E-06
  2.925000E+04  8.154E-06
  2.935000E+04  8.056E-06
  2.945000E+04  7.715E-06
  2.955000E+04  7.394E-06
  2.965000E+04  7.206E-06
  2.975000E+04  7.035E-06
  2.985000E+04  6.781E-06
  2.995000E+04  6.736E-06
  3.005000E+04  6.685E-06
  3.015000E+04  6.525E-06
  3.025000E+04  6.424E-06
  3.035000E+04  6.292E-06
  3.045000E+04  6.266E-06
  3.055000E+04  6.236E-06
  3.065000E+04  6.204E-06
  3.075000E+04  6.168E-06
  3.085000E+04  6.078E-06
  3.095000E+04  5.974E-06
  3.105000E+04  5.967E-06
  3.115000E+04  5.906E-06
  3.125000E+04  5.806E-06
  3.135000E+04  5.713E-06
  3.145000E+04  5.668E-06
  3.155000E+04  5.603E-06
  3.165000E+04  5.521E-06
  3.175000E+04  5.464E-06
  3.185000E+04  5.450E-06
  3.195000E+04  5.444E-06
  3.210000E+04  5.336E-06
  3.230000E+04  5.224E-06
  3.250000E+04  5.235E-06
  3.270000E+04  5.156E-06
  3.290000E+04  5.062E-06
  3.310000E+04  4.967E-06
  3.330000E+04  5.063E-06
  3.350000E+04  5.255E-06
  3.370000E+04  5.008E-06
  3.390000E+04  5.091E-06
  3.410000E+04  5.200E-06
  3.430000E+04  5.315E-06
  3.450000E+04  5.166E-06
  3.470000E+04  5.065E-06
  3.490000E+04  4.802E-06
  3.510000E+04  4.872E-06
  3.530000E+04  4.705E-06
  3.550000E+04  4.418E-06
  3.570000E+04  4.552E-06
  3.590000E+04  4.389E-06
  3.610000E+04  4.364E-06
  3.630000E+04  4.075E-06
  3.650000E+04  3.976E-06
  3.670000E+04  3.913E-06
  3.690000E+04  3.751E-06
  3.710000E+04  3.585E-06
  3.730000E+04  3.459E-06
  3.750000E+04  3.271E-06
  3.770000E+04  3.172E-06
  3.790000E+04  3.104E-06
  3.810000E+04  3.018E-06
  3.830000E+04  2.928E-06
  3.850000E+04  2.891E-06
  3.870000E+04  2.846E-06
  3.890000E+04  2.795E-06
  3.910000E+04  2.750E-06
  3.930000E+04  2.741E-06
  3.950000E+04  2.730E-06
  3.970000E+04  2.715E-06
  3.990000E+04  2.691E-06
  4.010000E+04  2.638E-06
  4.030000E+04  2.614E-06
  4.050000E+04  2.618E-06
  4.070000E+04  2.611E-06
  4.090000E+04  2.623E-06
  4.110000E+04  2.647E-06
  4.130000E+04  2.583E-06
  4.150000E+04  2.446E-06
  4.170000E+04  2.484E-06
  4.190000E+04  2.533E-06
  4.210000E+04  2.453E-06
  4.230000E+04  2.475E-06
  4.250000E+04  2.462E-06
  4.270000E+04  2.444E-06
  4.290000E+04  2.337E-06
  4.310000E+04  2.234E-06
  4.330000E+04  2.206E-06
  4.350000E+04  2.052E-06
  4.370000E+04  1.981E-06
  4.390000E+04  1.942E-06
  4.410000E+04  1.922E-06
  4.430000E+04  1.920E-06
  4.450000E+04  1.866E-06
  4.470000E+04  1.835E-06
  4.490000E+04  1.864E-06
  4.510000E+04  1.826E-06
  4.530000E+04  1.722E-06
  4.550000E+04  1.617E-06
  4.570000E+04  1.550E-06
  4.590000E+04  1.526E-06
  4.610000E+04  1.533E-06
  4.630000E+04  1.518E-06
  4.650000E+04  1.507E-06
  4.670000E+04  1.469E-06
  4.690000E+04  1.413E-06
  4.710000E+04  1.395E-06
  4.730000E+04  1.452E-06
  4.750000E+04  1.417E-06
  4.770000E+04  1.383E-06
  4.790000E+04  1.351E-06
  4.810000E+04  1.315E-06
  4.830000E+04  1.303E-06
  4.850000E+04  1.280E-06
  4.870000E+04  1.263E-06
  4.890000E+04  1.254E-06
  4.910000E+04  1.219E-06
  4.930000E+04  1.210E-06
  4.950000E+04  1.156E-06
  4.970000E+04  1.125E-06
  4.990000E+04  1.129E-06
  5.010000E+04  1.120E-06
  5.030000E+04  1.095E-06
  5.050000E+04  1.057E-06
  5.070000E+04  1.043E-06
  5.090000E+04  1.047E-06
  5.110000E+04  1.041E-06
  5.130000E+04  1.032E-06
  5.150000E+04  1.018E-06
  5.170000E+04  1.019E-06
  5.190000E+04  1.002E-06
  5.210000E+04  9.814E-07
  5.230000E+04  9.649E-07
  5.250000E+04  9.570E-07
  5.270000E+04  9.562E-07
  5.290000E+04  9.443E-07
  5.310000E+04  9.264E-07
  5.330000E+04  9.093E-07
  5.350000E+04  8.899E-07
  5.370000E+04  8.817E-07
  5.390000E+04  8.680E-07
  5.410000E+04  8.635E-07
  5.430000E+04  8.616E-07
  5.450000E+04  8.559E-07
  5.470000E+04  8.449E-07
  5.490000E+04  8.381E-07
  5.510000E+04  8.278E-07
  5.530000E+04  8.333E-07
  5.550000E+04  8.075E-07
  5.570000E+04  8.191E-07
  5.590000E+04  7.938E-07
  5.610000E+04  7.914E-07
  5.630000E+04  7.725E-07
  5.650000E+04  7.718E-07
  5.670000E+04  7.553E-07
  5.690000E+04  7.445E-07
  5.710000E+04  7.328E-07
  5.730000E+04  7.265E-07
  5.750000E+04  7.116E-07
  5.770000E+04  6.991E-07
  5.790000E+04  7.068E-07
  5.810000E+04  7.003E-07
  5.830000E+04  6.993E-07
  5.850000E+04  6.935E-07
  5.870000E+04  6.903E-07
  5.890000E+04  6.772E-07
  5.910000E+04  6.657E-07
  5.930000E+04  6.505E-07
  5.950000E+04  6.432E-07
  5.970000E+04  6.390E-07
  5.990000E+04  6.288E-07
  6.010000E+04  6.181E-07
  6.030000E+04  6.158E-07
  6.050000E+04  6.150E-07
  6.070000E+04  6.129E-07
  6.090000E+04  6.055E-07
  6.110000E+04  5.946E-07
  6.130000E+04  5.858E-07
  6.150000E+04  5.784E-07
  6.170000E+04  5.674E-07
  6.190000E+04  5.543E-07
  6.210000E+04  5.464E-07
  6.230000E+04  5.420E-07
  6.250000E+04  5.397E-07
  6.270000E+04  5.291E-07
  6.290000E+04  5.168E-07
  6.310000E+04  5.092E-07
  6.330000E+04  5.042E-07
  6.350000E+04  5.041E-07
  6.370000E+04  5.029E-07
  6.390000E+04  4.949E-07
  6.420000E+04  4.771E-07
  6.460000E+04  4.622E-07
  6.500000E+04  4.549E-07
  6.540000E+04  4.456E-07
  6.580000E+04  4.270E-07
  6.620000E+04  4.141E-07
  6.660000E+04  4.120E-07
  6.700000E+04  4.054E-07
  6.740000E+04  3.960E-07
  6.780000E+04  3.826E-07
  6.820000E+04  3.782E-07
  6.860000E+04  3.709E-07
  6.900000E+04  3.536E-07
  6.940000E+04  3.444E-07
  6.980000E+04  3.368E-07
  7.020000E+04  3.313E-07
  7.060000E+04  3.229E-07
  7.100000E+04  3.185E-07
  7.140000E+04  3.116E-07
  7.180000E+04  3.080E-07
  7.220000E+04  3.049E-07
  7.260000E+04  3.016E-07
  7.300000E+04  2.948E-07
  7.340000E+04  2.880E-07
  7.380000E+04  2.802E-07
  7.420000E+04  2.752E-07
  7.460000E+04  2.737E-07
  7.500000E+04  2.684E-07
  7.540000E+04  2.647E-07
  7.580000E+04  2.538E-07
  7.620000E+04  2.495E-07
  7.660000E+04  2.410E-07
  7.700000E+04  2.405E-07
  7.740000E+04  2.376E-07
  7.780000E+04  2.339E-07
  7.820000E+04  2.279E-07
  7.860000E+04  2.220E-07
  7.900000E+04  2.188E-07
  7.940000E+04  2.177E-07
  7.980000E+04  2.137E-07
  8.020000E+04  2.114E-07
  8.060000E+04  2.067E-07
  8.100000E+04  2.029E-07
  8.140000E+04  1.985E-07
  8.180000E+04  1.949E-07
  8.220000E+04  1.885E-07
  8.260000E+04  1.855E-07
  8.300000E+04  1.826E-07
  8.340000E+04  1.799E-07
  8.380000E+04  1.788E-07
  8.420000E+04  1.755E-07
  8.460000E+04  1.722E-07
  8.500000E+04  1.691E-07
  8.540000E+04  1.672E-07
  8.580000E+04  1.650E-07
  8.620000E+04  1.622E-07
  8.660000E+04  1.593E-07
  8.700000E+04  1.565E-07
  8.740000E+04  1.552E-07
  8.780000E+04  1.541E-07
  8.820000E+04  1.539E-07
  8.860000E+04  1.519E-07
  8.900000E+04  1.503E-07
  8.940000E+04  1.473E-07
  8.980000E+04  1.446E-07
  9.020000E+04  1.428E-07
  9.060000E+04  1.388E-07
  9.100000E+04  1.358E-07
  9.140000E+04  1.327E-07
  9.180000E+04  1.306E-07
  9.220000E+04  1.300E-07
  9.260000E+04  1.307E-07
  9.300000E+04  1.297E-07
  9.340000E+04  1.260E-07
  9.380000E+04  1.233E-07
  9.420000E+04  1.208E-07
  9.460000E+04  1.192E-07
  9.500000E+04  1.195E-07
  9.540000E+04  1.183E-07
  9.580000E+04  1.162E-07
  9.620000E+04  1.150E-07
  9.660000E+04  1.123E-07
  9.700000E+04  1.098E-07
  9.740000E+04  1.098E-07
  9.780000E+04  1.090E-07
  9.820000E+04  1.075E-07
  9.860000E+04  1.069E-07
  9.900000E+04  1.060E-07
  9.940000E+04  1.036E-07
  9.980000E+04  1.008E-07
  1.002000E+05  9.858E-08
  2.000000E+05  3.951E-09
  4.000000E+05  2.520E-10
  6.000000E+05  4.992E-11
  8.000000E+05  1.578E-11
  1.000000E+06  6.450E-12
  1.200000E+06  3.103E-12
  1.400000E+06  1.671E-12
  1.600000E+06  9.768E-13
