  9.100000E+01  3.796E-05
  9.400000E+01  3.858E-05
  9.600000E+01  3.871E-05
  9.800000E+01  4.190E-05
  1.000000E+02  4.827E-05
  1.020000E+02  4.832E-05
  1.040000E+02  4.807E-05
  1.060000E+02  4.802E-05
  1.080000E+02  4.784E-05
  1.100000E+02  4.829E-05
  1.140000E+02  4.793E-05
  1.180000E+02  4.734E-05
  1.210000E+02  4.975E-05
  1.250000E+02  4.936E-05
  1.270000E+02  4.929E-05
  1.280000E+02  4.926E-05
  1.310000E+02  4.881E-05
  1.320000E+02  4.908E-05
  1.340000E+02  4.854E-05
  1.370000E+02  4.882E-05
  1.400000E+02  4.839E-05
  1.430000E+02  5.044E-05
  1.470000E+02  5.206E-05
  1.510000E+02  4.982E-05
  1.550000E+02  5.150E-05
  1.590000E+02  5.122E-05
  1.620000E+02  5.104E-05
  1.660000E+02  5.090E-05
  1.700000E+02  5.069E-05
  1.730000E+02  4.967E-05
  1.770000E+02  5.039E-05
  1.800000E+02  5.027E-05
  1.820000E+02  5.021E-05
  1.860000E+02  5.004E-05
  1.910000E+02  4.983E-05
  1.940000E+02  4.979E-05
  1.980000E+02  4.968E-05
  2.020000E+02  4.958E-05
  2.050000E+02  4.950E-05
  2.100000E+02  4.864E-05
  2.160000E+02  4.925E-05
  2.200000E+02  4.924E-05
  2.230000E+02  4.903E-05
  2.270000E+02  4.913E-05
  2.300000E+02  6.060E-05
  2.340000E+02  1.211E-04
  2.400000E+02  3.315E-04
  2.460000E+02  3.240E-04
  2.520000E+02  3.499E-04
  2.570000E+02  1.565E-04
  2.600000E+02  3.459E-04
  2.640000E+02  4.309E-04
  2.690000E+02  4.381E-04
  2.740000E+02  4.332E-04
  2.790000E+02  4.192E-04
  2.840000E+02  4.299E-04
  2.900000E+02  4.060E-04
  2.960000E+02  3.754E-04
  3.010000E+02  2.298E-04
  3.080000E+02  3.031E-04
  3.180000E+02  4.290E-04
  3.280000E+02  4.309E-04
  3.380000E+02  4.228E-04
  3.480000E+02  4.118E-04
  3.570000E+02  4.211E-04
  3.660000E+02  4.418E-04
  3.750000E+02  4.303E-04
  3.850000E+02  4.022E-04
  3.950000E+02  4.193E-04
  4.050000E+02  4.254E-04
  4.140000E+02  4.165E-04
  4.220000E+02  4.016E-04
  4.300000E+02  3.868E-04
  4.410000E+02  3.906E-04
  4.510000E+02  3.846E-04
  4.600000E+02  3.669E-04
  4.700000E+02  3.588E-04
  4.800000E+02  3.600E-04
  4.900000E+02  3.391E-04
  5.000000E+02  3.468E-04
  5.060000E+02  3.562E-04
  5.120000E+02  4.667E-04
  5.200000E+02  4.474E-04
  5.300000E+02  4.235E-04
  5.400000E+02  3.894E-04
  5.500000E+02  3.830E-04
  5.600000E+02  4.208E-04
  5.700000E+02  4.237E-04
  5.800000E+02  4.056E-04
  5.900000E+02  4.053E-04
  6.000000E+02  3.754E-04
  6.100000E+02  3.433E-04
  6.200000E+02  3.993E-04
  6.300000E+02  3.857E-04
  6.400000E+02  3.885E-04
  6.500000E+02  3.772E-04
  6.580000E+02  3.610E-04
  6.650000E+02  3.721E-04
  6.750000E+02  3.748E-04
  6.850000E+02  3.457E-04
  6.950000E+02  3.618E-04
  7.050000E+02  3.283E-04
  7.160000E+02  3.569E-04
  7.260000E+02  3.519E-04
  7.350000E+02  3.493E-04
  7.450000E+02  3.392E-04
  7.550000E+02  3.333E-04
  7.650000E+02  3.057E-04
  7.750000E+02  3.237E-04
  7.850000E+02  3.147E-04
  7.950000E+02  3.152E-04
  8.050000E+02  3.116E-04
  8.150000E+02  3.089E-04
  8.250000E+02  3.072E-04
  8.350000E+02  2.697E-04
  8.450000E+02  2.968E-04
  8.550000E+02  2.912E-04
  8.650000E+02  2.914E-04
  8.750000E+02  2.881E-04
  8.850000E+02  2.848E-04
  8.950000E+02  2.816E-04
  9.050000E+02  2.753E-04
  9.150000E+02  2.770E-04
  9.250000E+02  6.045E-04
  9.350000E+02  9.239E-04
  9.450000E+02  1.343E-03
  9.550000E+02  1.720E-03
  9.650000E+02  2.031E-03
  9.750000E+02  8.582E-04
  9.850000E+02  2.454E-03
  9.950000E+02  2.575E-03
  1.005000E+03  2.975E-03
  1.015000E+03  2.300E-03
  1.025000E+03  9.573E-04
  1.035000E+03  1.811E-03
  1.045000E+03  3.293E-03
  1.055000E+03  3.650E-03
  1.065000E+03  3.265E-03
  1.075000E+03  3.633E-03
  1.085000E+03  3.181E-03
  1.095000E+03  3.617E-03
  1.105000E+03  3.658E-03
  1.115000E+03  3.581E-03
  1.125000E+03  3.488E-03
  1.135000E+03  3.769E-03
  1.145000E+03  3.495E-03
  1.155000E+03  3.559E-03
  1.165000E+03  3.685E-03
  1.175000E+03  3.165E-03
  1.185000E+03  3.228E-03
  1.195000E+03  1.974E-03
  1.205000E+03  1.504E-03
  1.215000E+03  6.814E-04
  1.225000E+03  1.426E-03
  1.235000E+03  2.633E-03
  1.245000E+03  3.294E-03
  1.255000E+03  3.385E-03
  1.265000E+03  2.779E-03
  1.275000E+03  3.676E-03
  1.285000E+03  3.900E-03
  1.295000E+03  3.518E-03
  1.305000E+03  3.287E-03
  1.315000E+03  3.771E-03
  1.325000E+03  3.700E-03
  1.335000E+03  3.447E-03
  1.345000E+03  3.807E-03
  1.355000E+03  3.641E-03
  1.365000E+03  3.378E-03
  1.375000E+03  3.515E-03
  1.385000E+03  3.565E-03
  1.395000E+03  3.435E-03
  1.405000E+03  3.435E-03
  1.415000E+03  3.346E-03
  1.425000E+03  3.354E-03
  1.435000E+03  3.256E-03
  1.442000E+03  3.386E-03
  1.447000E+03  3.438E-03
  1.455000E+03  3.369E-03
  1.465000E+03  3.223E-03
  1.475000E+03  3.137E-03
  1.485000E+03  3.142E-03
  1.495000E+03  3.163E-03
  1.505000E+03  3.109E-03
  1.512000E+03  2.957E-03
  1.517000E+03  3.066E-03
  1.525000E+03  2.892E-03
  1.535000E+03  2.698E-03
  1.545000E+03  2.894E-03
  1.555000E+03  2.725E-03
  1.565000E+03  2.646E-03
  1.575000E+03  2.717E-03
  1.585000E+03  2.801E-03
  1.595000E+03  2.851E-03
  1.605000E+03  2.706E-03
  1.615000E+03  2.698E-03
  1.625000E+03  2.560E-03
  1.635000E+03  2.610E-03
  1.645000E+03  2.605E-03
  1.655000E+03  2.411E-03
  1.665000E+03  2.588E-03
  1.672000E+03  2.375E-03
  1.677000E+03  2.508E-03
  1.685000E+03  2.589E-03
  1.695000E+03  2.474E-03
  1.705000E+03  2.389E-03
  1.715000E+03  2.317E-03
  1.725000E+03  2.280E-03
  1.735000E+03  2.357E-03
  1.745000E+03  2.295E-03
  1.755000E+03  2.384E-03
  1.765000E+03  2.195E-03
  1.775000E+03  2.301E-03
  1.785000E+03  2.285E-03
  1.795000E+03  2.341E-03
  1.805000E+03  2.301E-03
  1.815000E+03  2.234E-03
  1.825000E+03  2.203E-03
  1.835000E+03  2.143E-03
  1.845000E+03  2.040E-03
  1.855000E+03  2.033E-03
  1.865000E+03  2.040E-03
  1.875000E+03  2.112E-03
  1.885000E+03  2.031E-03
  1.895000E+03  1.977E-03
  1.905000E+03  2.013E-03
  1.915000E+03  1.964E-03
  1.925000E+03  1.941E-03
  1.935000E+03  1.941E-03
  1.945000E+03  1.986E-03
  1.955000E+03  1.911E-03
  1.967000E+03  1.971E-03
  1.976000E+03  1.972E-03
  1.984000E+03  1.914E-03
  1.995000E+03  1.850E-03
  2.005000E+03  1.862E-03
  2.015000E+03  1.803E-03
  2.025000E+03  1.840E-03
  2.035000E+03  1.800E-03
  2.045000E+03  1.814E-03
  2.055000E+03  1.726E-03
  2.065000E+03  1.735E-03
  2.074000E+03  1.778E-03
  2.078000E+03  1.761E-03
  2.085000E+03  1.777E-03
  2.095000E+03  1.710E-03
  2.105000E+03  1.712E-03
  2.115000E+03  1.703E-03
  2.125000E+03  1.703E-03
  2.135000E+03  1.610E-03
  2.145000E+03  1.652E-03
  2.155000E+03  1.657E-03
  2.165000E+03  1.597E-03
  2.175000E+03  1.580E-03
  2.185000E+03  1.561E-03
  2.195000E+03  1.609E-03
  2.205000E+03  1.555E-03
  2.215000E+03  1.494E-03
  2.225000E+03  1.452E-03
  2.235000E+03  1.530E-03
  2.245000E+03  1.456E-03
  2.255000E+03  1.421E-03
  2.265000E+03  1.421E-03
  2.275000E+03  1.455E-03
  2.285000E+03  1.467E-03
  2.295000E+03  1.408E-03
  2.305000E+03  1.391E-03
  2.315000E+03  1.355E-03
  2.325000E+03  1.186E-03
  2.335000E+03  1.300E-03
  2.345000E+03  1.241E-03
  2.355000E+03  1.300E-03
  2.365000E+03  1.225E-03
  2.375000E+03  1.251E-03
  2.385000E+03  1.170E-03
  2.395000E+03  1.229E-03
  2.405000E+03  1.184E-03
  2.415000E+03  1.195E-03
  2.425000E+03  1.228E-03
  2.435000E+03  1.180E-03
  2.445000E+03  1.225E-03
  2.455000E+03  1.196E-03
  2.465000E+03  1.184E-03
  2.475000E+03  1.148E-03
  2.485000E+03  1.185E-03
  2.495000E+03  1.144E-03
  2.505000E+03  1.205E-03
  2.513000E+03  1.135E-03
  2.518000E+03  1.147E-03
  2.525000E+03  1.096E-03
  2.535000E+03  1.094E-03
  2.545000E+03  1.084E-03
  2.555000E+03  1.124E-03
  2.565000E+03  1.105E-03
  2.575000E+03  1.142E-03
  2.585000E+03  1.134E-03
  2.595000E+03  1.122E-03
  2.605000E+03  1.085E-03
  2.615000E+03  1.074E-03
  2.625000E+03  1.089E-03
  2.635000E+03  1.100E-03
  2.645000E+03  1.161E-03
  2.655000E+03  1.158E-03
  2.665000E+03  1.104E-03
  2.675000E+03  1.125E-03
  2.685000E+03  1.120E-03
  2.695000E+03  1.086E-03
  2.705000E+03  1.093E-03
  2.715000E+03  1.053E-03
  2.725000E+03  1.046E-03
  2.735000E+03  1.075E-03
  2.745000E+03  9.853E-04
  2.755000E+03  9.887E-04
  2.765000E+03  1.014E-03
  2.775000E+03  1.038E-03
  2.785000E+03  1.013E-03
  2.795000E+03  8.724E-04
  2.805000E+03  9.179E-04
  2.815000E+03  1.023E-03
  2.825000E+03  1.030E-03
  2.835000E+03  1.005E-03
  2.845000E+03  9.785E-04
  2.855000E+03  9.618E-04
  2.865000E+03  1.000E-03
  2.875000E+03  9.909E-04
  2.885000E+03  9.923E-04
  2.895000E+03  9.853E-04
  2.910000E+03  1.021E-03
  2.930000E+03  9.888E-04
  2.950000E+03  9.729E-04
  2.970000E+03  9.713E-04
  2.990000E+03  9.637E-04
  3.010000E+03  9.671E-04
  3.030000E+03  9.593E-04
  3.050000E+03  9.514E-04
  3.070000E+03  9.408E-04
  3.090000E+03  9.393E-04
  3.110000E+03  9.279E-04
  3.130000E+03  9.142E-04
  3.150000E+03  9.089E-04
  3.170000E+03  9.049E-04
  3.190000E+03  8.749E-04
  3.210000E+03  8.852E-04
  3.230000E+03  8.627E-04
  3.250000E+03  8.782E-04
  3.270000E+03  8.859E-04
  3.290000E+03  8.772E-04
  3.310000E+03  8.703E-04
  3.330000E+03  8.599E-04
  3.350000E+03  8.462E-04
  3.370000E+03  8.235E-04
  3.390000E+03  8.246E-04
  3.410000E+03  8.247E-04
  3.430000E+03  8.239E-04
  3.450000E+03  8.207E-04
  3.470000E+03  8.133E-04
  3.490000E+03  8.125E-04
  3.510000E+03  8.153E-04
  3.530000E+03  8.002E-04
  3.550000E+03  8.091E-04
  3.570000E+03  7.752E-04
  3.590000E+03  7.679E-04
  3.610000E+03  7.767E-04
  3.630000E+03  7.742E-04
  3.640000E+03  7.731E-04
  3.650000E+03  7.885E-04
  3.670000E+03  7.716E-04
  3.690000E+03  7.418E-04
  3.710000E+03  8.105E-04
  3.730000E+03  8.007E-04
  3.750000E+03  9.501E-04
  3.770000E+03  9.888E-04
  3.790000E+03  1.125E-03
  3.810000E+03  1.247E-03
  3.830000E+03  1.018E-03
  3.850000E+03  1.301E-03
  3.870000E+03  1.399E-03
  3.890000E+03  9.575E-04
  3.910000E+03  1.407E-03
  3.930000E+03  1.303E-03
  3.950000E+03  1.361E-03
  3.970000E+03  8.597E-04
  3.990000E+03  1.369E-03
  4.010000E+03  1.458E-03
  4.030000E+03  1.442E-03
  4.050000E+03  1.433E-03
  4.070000E+03  1.388E-03
  4.090000E+03  1.219E-03
  4.110000E+03  1.014E-03
  4.130000E+03  1.337E-03
  4.150000E+03  1.366E-03
  4.170000E+03  1.358E-03
  4.190000E+03  1.342E-03
  4.210000E+03  1.332E-03
  4.230000E+03  1.314E-03
  4.250000E+03  1.302E-03
  4.270000E+03  1.275E-03
  4.290000E+03  1.248E-03
  4.310000E+03  1.179E-03
  4.330000E+03  1.044E-03
  4.350000E+03  9.304E-04
  4.370000E+03  1.207E-03
  4.390000E+03  1.198E-03
  4.410000E+03  1.206E-03
  4.430000E+03  1.210E-03
  4.450000E+03  1.202E-03
  4.470000E+03  1.190E-03
  4.490000E+03  1.186E-03
  4.510000E+03  1.206E-03
  4.530000E+03  1.167E-03
  4.550000E+03  1.156E-03
  4.570000E+03  1.170E-03
  4.590000E+03  1.141E-03
  4.610000E+03  1.145E-03
  4.630000E+03  1.125E-03
  4.650000E+03  1.121E-03
  4.670000E+03  1.117E-03
  4.690000E+03  1.100E-03
  4.710000E+03  1.076E-03
  4.730000E+03  1.084E-03
  4.750000E+03  1.081E-03
  4.770000E+03  1.070E-03
  4.790000E+03  1.056E-03
  4.810000E+03  1.040E-03
  4.830000E+03  1.016E-03
  4.850000E+03  8.839E-04
  4.870000E+03  7.622E-04
  4.890000E+03  9.727E-04
  4.910000E+03  9.876E-04
  4.930000E+03  9.745E-04
  4.950000E+03  9.842E-04
  4.970000E+03  9.767E-04
  4.990000E+03  9.496E-04
  5.010000E+03  9.263E-04
  5.030000E+03  9.380E-04
  5.050000E+03  9.259E-04
  5.070000E+03  9.336E-04
  5.090000E+03  9.150E-04
  5.110000E+03  9.110E-04
  5.130000E+03  8.962E-04
  5.150000E+03  8.801E-04
  5.170000E+03  8.625E-04
  5.190000E+03  8.610E-04
  5.210000E+03  8.605E-04
  5.230000E+03  8.585E-04
  5.250000E+03  8.610E-04
  5.270000E+03  8.300E-04
  5.290000E+03  8.499E-04
  5.310000E+03  8.498E-04
  5.330000E+03  8.242E-04
  5.350000E+03  8.359E-04
  5.370000E+03  8.281E-04
  5.390000E+03  8.177E-04
  5.410000E+03  8.065E-04
  5.430000E+03  8.032E-04
  5.450000E+03  8.052E-04
  5.470000E+03  7.939E-04
  5.490000E+03  7.885E-04
  5.510000E+03  7.832E-04
  5.530000E+03  7.814E-04
  5.550000E+03  7.803E-04
  5.570000E+03  7.694E-04
  5.590000E+03  7.595E-04
  5.610000E+03  7.602E-04
  5.630000E+03  7.555E-04
  5.650000E+03  7.509E-04
  5.670000E+03  7.412E-04
  5.690000E+03  7.431E-04
  5.710000E+03  7.318E-04
  5.730000E+03  7.419E-04
  5.750000E+03  7.305E-04
  5.770000E+03  7.284E-04
  5.790000E+03  7.180E-04
  5.810000E+03  7.190E-04
  5.830000E+03  7.185E-04
  5.850000E+03  7.080E-04
  5.870000E+03  7.014E-04
  5.890000E+03  6.848E-04
  5.910000E+03  6.927E-04
  5.930000E+03  6.889E-04
  5.950000E+03  6.848E-04
  5.970000E+03  6.835E-04
  5.990000E+03  6.766E-04
  6.010000E+03  6.705E-04
  6.030000E+03  6.700E-04
  6.050000E+03  6.702E-04
  6.070000E+03  6.654E-04
  6.090000E+03  6.566E-04
  6.110000E+03  6.530E-04
  6.130000E+03  6.400E-04
  6.150000E+03  6.381E-04
  6.170000E+03  6.286E-04
  6.190000E+03  6.331E-04
  6.210000E+03  6.288E-04
  6.230000E+03  6.192E-04
  6.250000E+03  6.078E-04
  6.270000E+03  6.165E-04
  6.290000E+03  6.153E-04
  6.310000E+03  6.076E-04
  6.330000E+03  6.079E-04
  6.350000E+03  6.048E-04
  6.370000E+03  6.018E-04
  6.390000E+03  6.009E-04
  6.410000E+03  5.930E-04
  6.430000E+03  5.919E-04
  6.450000E+03  5.885E-04
  6.470000E+03  5.852E-04
  6.490000E+03  5.764E-04
  6.510000E+03  5.782E-04
  6.530000E+03  5.715E-04
  6.550000E+03  5.342E-04
  6.570000E+03  4.678E-04
  6.590000E+03  5.518E-04
  6.610000E+03  5.612E-04
  6.630000E+03  5.598E-04
  6.650000E+03  5.559E-04
  6.670000E+03  5.496E-04
  6.690000E+03  5.506E-04
  6.710000E+03  5.426E-04
  6.730000E+03  5.431E-04
  6.750000E+03  5.374E-04
  6.770000E+03  5.364E-04
  6.790000E+03  5.328E-04
  6.810000E+03  5.303E-04
  6.830000E+03  5.291E-04
  6.850000E+03  5.230E-04
  6.870000E+03  5.231E-04
  6.890000E+03  5.230E-04
  6.910000E+03  5.202E-04
  6.930000E+03  5.171E-04
  6.950000E+03  5.131E-04
  6.970000E+03  5.126E-04
  6.990000E+03  5.101E-04
  7.010000E+03  5.043E-04
  7.030000E+03  5.035E-04
  7.050000E+03  4.993E-04
  7.070000E+03  4.918E-04
  7.090000E+03  4.864E-04
  7.110000E+03  4.805E-04
  7.130000E+03  4.755E-04
  7.150000E+03  4.730E-04
  7.170000E+03  4.724E-04
  7.190000E+03  4.671E-04
  7.210000E+03  4.690E-04
  7.230000E+03  4.703E-04
  7.250000E+03  4.695E-04
  7.270000E+03  4.681E-04
  7.290000E+03  4.639E-04
  7.310000E+03  4.663E-04
  7.330000E+03  4.648E-04
  7.350000E+03  4.640E-04
  7.370000E+03  4.660E-04
  7.390000E+03  4.594E-04
  7.410000E+03  4.555E-04
  7.430000E+03  4.576E-04
  7.450000E+03  4.558E-04
  7.470000E+03  4.550E-04
  7.490000E+03  4.520E-04
  7.510000E+03  4.515E-04
  7.530000E+03  4.505E-04
  7.550000E+03  4.498E-04
  7.570000E+03  4.463E-04
  7.590000E+03  4.419E-04
  7.610000E+03  4.385E-04
  7.630000E+03  4.346E-04
  7.650000E+03  4.301E-04
  7.670000E+03  4.228E-04
  7.690000E+03  4.252E-04
  7.710000E+03  4.192E-04
  7.730000E+03  4.192E-04
  7.750000E+03  4.160E-04
  7.770000E+03  4.143E-04
  7.790000E+03  4.151E-04
  7.810000E+03  4.144E-04
  7.830000E+03  4.123E-04
  7.850000E+03  4.094E-04
  7.870000E+03  4.082E-04
  7.890000E+03  4.047E-04
  7.910000E+03  3.999E-04
  7.930000E+03  3.992E-04
  7.950000E+03  3.968E-04
  7.970000E+03  3.993E-04
  7.990000E+03  3.975E-04
  8.010000E+03  4.008E-04
  8.030000E+03  3.995E-04
  8.050000E+03  3.967E-04
  8.070000E+03  3.961E-04
  8.090000E+03  3.930E-04
  8.110000E+03  3.921E-04
  8.130000E+03  3.917E-04
  8.150000E+03  3.906E-04
  8.170000E+03  3.888E-04
  8.190000E+03  3.841E-04
  8.210000E+03  3.836E-04
  8.230000E+03  3.816E-04
  8.250000E+03  3.806E-04
  8.270000E+03  3.796E-04
  8.290000E+03  3.775E-04
  8.310000E+03  3.733E-04
  8.330000E+03  3.693E-04
  8.350000E+03  3.690E-04
  8.370000E+03  3.659E-04
  8.390000E+03  3.612E-04
  8.410000E+03  3.619E-04
  8.430000E+03  3.589E-04
  8.450000E+03  3.566E-04
  8.470000E+03  3.497E-04
  8.490000E+03  3.566E-04
  8.510000E+03  3.397E-04
  8.530000E+03  3.568E-04
  8.550000E+03  3.206E-04
  8.570000E+03  3.606E-04
  8.590000E+03  3.467E-04
  8.610000E+03  3.426E-04
  8.630000E+03  3.607E-04
  8.650000E+03  3.524E-04
  8.670000E+03  3.126E-04
  8.690000E+03  3.517E-04
  8.710000E+03  3.585E-04
  8.730000E+03  3.512E-04
  8.750000E+03  3.218E-04
  8.770000E+03  3.440E-04
  8.790000E+03  3.534E-04
  8.810000E+03  3.500E-04
  8.830000E+03  3.474E-04
  8.850000E+03  3.338E-04
  8.870000E+03  3.136E-04
  8.890000E+03  3.386E-04
  8.910000E+03  3.428E-04
  8.930000E+03  3.419E-04
  8.950000E+03  3.408E-04
  8.970000E+03  3.386E-04
  8.990000E+03  3.325E-04
  9.010000E+03  3.048E-04
  9.030000E+03  3.171E-04
  9.050000E+03  3.307E-04
  9.070000E+03  3.309E-04
  9.090000E+03  3.267E-04
  9.110000E+03  3.282E-04
  9.130000E+03  3.276E-04
  9.150000E+03  3.262E-04
  9.170000E+03  3.236E-04
  9.190000E+03  3.202E-04
  9.210000E+03  3.089E-04
  9.230000E+03  2.852E-04
  9.250000E+03  3.036E-04
  9.270000E+03  3.112E-04
  9.290000E+03  3.131E-04
  9.310000E+03  3.120E-04
  9.330000E+03  3.111E-04
  9.350000E+03  3.091E-04
  9.370000E+03  3.072E-04
  9.390000E+03  3.071E-04
  9.410000E+03  3.027E-04
  9.430000E+03  3.040E-04
  9.450000E+03  3.006E-04
  9.470000E+03  3.007E-04
  9.490000E+03  2.985E-04
  9.510000E+03  2.950E-04
  9.530000E+03  2.871E-04
  9.550000E+03  2.669E-04
  9.570000E+03  2.859E-04
  9.590000E+03  2.906E-04
  9.610000E+03  2.900E-04
  9.630000E+03  2.892E-04
  9.650000E+03  2.871E-04
  9.670000E+03  2.861E-04
  9.690000E+03  2.858E-04
  9.710000E+03  2.843E-04
  9.730000E+03  2.827E-04
  9.750000E+03  2.804E-04
  9.770000E+03  2.803E-04
  9.790000E+03  2.779E-04
  9.810000E+03  2.784E-04
  9.830000E+03  2.774E-04
  9.850000E+03  2.756E-04
  9.870000E+03  2.734E-04
  9.890000E+03  2.718E-04
  9.910000E+03  2.710E-04
  9.930000E+03  2.703E-04
  9.950000E+03  2.691E-04
  9.970000E+03  2.677E-04
  9.990000E+03  2.661E-04
  1.002500E+04  2.565E-04
  1.007500E+04  2.499E-04
  1.012500E+04  2.559E-04
  1.017500E+04  2.523E-04
  1.022500E+04  2.503E-04
  1.027500E+04  2.482E-04
  1.032500E+04  2.446E-04
  1.037500E+04  2.416E-04
  1.042500E+04  2.390E-04
  1.047500E+04  2.356E-04
  1.052500E+04  2.334E-04
  1.057500E+04  2.306E-04
  1.062500E+04  2.278E-04
  1.067500E+04  2.235E-04
  1.072500E+04  2.222E-04
  1.077500E+04  2.197E-04
  1.082500E+04  2.157E-04
  1.087500E+04  2.121E-04
  1.092500E+04  2.020E-04
  1.097500E+04  2.040E-04
  1.102500E+04  2.053E-04
  1.107500E+04  2.029E-04
  1.112500E+04  2.014E-04
  1.117500E+04  1.994E-04
  1.122500E+04  1.980E-04
  1.127500E+04  1.947E-04
  1.132500E+04  1.925E-04
  1.137500E+04  1.901E-04
  1.142500E+04  1.874E-04
  1.147500E+04  1.871E-04
  1.152500E+04  1.861E-04
  1.157500E+04  1.837E-04
  1.162500E+04  1.808E-04
  1.167500E+04  1.790E-04
  1.172500E+04  1.779E-04
  1.177500E+04  1.751E-04
  1.182500E+04  1.734E-04
  1.187500E+04  1.708E-04
  1.192500E+04  1.704E-04
  1.197500E+04  1.663E-04
  1.202500E+04  1.671E-04
  1.207500E+04  1.641E-04
  1.212500E+04  1.636E-04
  1.217500E+04  1.625E-04
  1.222500E+04  1.611E-04
  1.227500E+04  1.592E-04
  1.232500E+04  1.574E-04
  1.237500E+04  1.563E-04
  1.242500E+04  1.545E-04
  1.247500E+04  1.529E-04
  1.252500E+04  1.516E-04
  1.257500E+04  1.500E-04
  1.262500E+04  1.494E-04
  1.267500E+04  1.471E-04
  1.272500E+04  1.467E-04
  1.277500E+04  1.444E-04
  1.282500E+04  1.371E-04
  1.287500E+04  1.414E-04
  1.292500E+04  1.415E-04
  1.297500E+04  1.405E-04
  1.302500E+04  1.397E-04
  1.307500E+04  1.385E-04
  1.312500E+04  1.369E-04
  1.317500E+04  1.355E-04
  1.322500E+04  1.349E-04
  1.327500E+04  1.329E-04
  1.332500E+04  1.325E-04
  1.337500E+04  1.309E-04
  1.342500E+04  1.311E-04
  1.347500E+04  1.302E-04
  1.352500E+04  1.293E-04
  1.357500E+04  1.271E-04
  1.362500E+04  1.260E-04
  1.367500E+04  1.259E-04
  1.372500E+04  1.246E-04
  1.377500E+04  1.243E-04
  1.382500E+04  1.236E-04
  1.387500E+04  1.224E-04
  1.392500E+04  1.210E-04
  1.397500E+04  1.196E-04
  1.402500E+04  1.188E-04
  1.407500E+04  1.179E-04
  1.412500E+04  1.162E-04
  1.417500E+04  1.161E-04
  1.422500E+04  1.151E-04
  1.427500E+04  1.145E-04
  1.432500E+04  1.143E-04
  1.437500E+04  1.143E-04
  1.442500E+04  1.118E-04
  1.447500E+04  1.123E-04
  1.452500E+04  1.105E-04
  1.457000E+04  1.110E-04
  1.462000E+04  1.100E-04
  1.467500E+04  1.090E-04
  1.472500E+04  1.078E-04
  1.477500E+04  1.076E-04
  1.482500E+04  1.076E-04
  1.487500E+04  1.068E-04
  1.492500E+04  1.074E-04
  1.497500E+04  1.062E-04
  1.502500E+04  1.048E-04
  1.507500E+04  1.043E-04
  1.512500E+04  1.041E-04
  1.517500E+04  1.045E-04
  1.522500E+04  1.037E-04
  1.527500E+04  1.037E-04
  1.532500E+04  1.027E-04
  1.537500E+04  1.023E-04
  1.542500E+04  1.017E-04
  1.547500E+04  1.020E-04
  1.552500E+04  1.010E-04
  1.557500E+04  9.837E-05
  1.562500E+04  1.004E-04
  1.567500E+04  9.921E-05
  1.572500E+04  9.849E-05
  1.577500E+04  9.670E-05
  1.582500E+04  9.700E-05
  1.587500E+04  9.433E-05
  1.592500E+04  9.707E-05
  1.597500E+04  9.670E-05
  1.605000E+04  9.564E-05
  1.615000E+04  9.407E-05
  1.625000E+04  9.330E-05
  1.635000E+04  9.342E-05
  1.645000E+04  9.010E-05
  1.655000E+04  9.079E-05
  1.665000E+04  8.852E-05
  1.675000E+04  8.834E-05
  1.685000E+04  8.459E-05
  1.695000E+04  8.563E-05
  1.705000E+04  8.369E-05
  1.715000E+04  8.285E-05
  1.725000E+04  8.084E-05
  1.735000E+04  7.785E-05
  1.745000E+04  7.809E-05
  1.755000E+04  7.739E-05
  1.765000E+04  7.568E-05
  1.775000E+04  7.405E-05
  1.785000E+04  7.365E-05
  1.795000E+04  7.100E-05
  1.805000E+04  7.012E-05
  1.815000E+04  6.810E-05
  1.825000E+04  6.712E-05
  1.835000E+04  6.616E-05
  1.845000E+04  6.583E-05
  1.855000E+04  6.506E-05
  1.865000E+04  6.336E-05
  1.875000E+04  6.080E-05
  1.885000E+04  6.138E-05
  1.895000E+04  5.980E-05
  1.905000E+04  6.033E-05
  1.915000E+04  5.862E-05
  1.925000E+04  5.799E-05
  1.935000E+04  5.699E-05
  1.945000E+04  5.421E-05
  1.955000E+04  5.476E-05
  1.965000E+04  5.403E-05
  1.975000E+04  5.300E-05
  1.985000E+04  5.177E-05
  1.995000E+04  5.159E-05
  2.005000E+04  5.090E-05
  2.015000E+04  5.063E-05
  2.025000E+04  4.926E-05
  2.035000E+04  4.831E-05
  2.045000E+04  4.756E-05
  2.055000E+04  4.679E-05
  2.065000E+04  4.586E-05
  2.075000E+04  4.514E-05
  2.085000E+04  4.530E-05
  2.095000E+04  4.398E-05
  2.105000E+04  4.366E-05
  2.115000E+04  4.280E-05
  2.125000E+04  4.239E-05
  2.135000E+04  4.176E-05
  2.145000E+04  4.090E-05
  2.155000E+04  4.045E-05
  2.165000E+04  3.910E-05
  2.175000E+04  3.883E-05
  2.185000E+04  3.837E-05
  2.195000E+04  3.769E-05
  2.205000E+04  3.680E-05
  2.215000E+04  3.649E-05
  2.225000E+04  3.617E-05
  2.235000E+04  3.566E-05
  2.245000E+04  3.541E-05
  2.255000E+04  3.453E-05
  2.265000E+04  3.401E-05
  2.275000E+04  3.369E-05
  2.285000E+04  3.307E-05
  2.295000E+04  2.964E-05
  2.305000E+04  3.109E-05
  2.315000E+04  3.111E-05
  2.325000E+04  2.772E-05
  2.335000E+04  2.950E-05
  2.345000E+04  2.836E-05
  2.355000E+04  2.616E-05
  2.365000E+04  2.738E-05
  2.375000E+04  2.691E-05
  2.385000E+04  2.476E-05
  2.395000E+04  2.613E-05
  2.405000E+04  2.556E-05
  2.415000E+04  2.368E-05
  2.425000E+04  2.417E-05
  2.435000E+04  2.377E-05
  2.445000E+04  2.295E-05
  2.455000E+04  2.276E-05
  2.465000E+04  2.277E-05
  2.475000E+04  2.215E-05
  2.485000E+04  2.047E-05
  2.495000E+04  2.009E-05
  2.505000E+04  2.036E-05
  2.515000E+04  1.956E-05
  2.525000E+04  1.977E-05
  2.535000E+04  1.987E-05
  2.545000E+04  1.969E-05
  2.555000E+04  1.964E-05
  2.565000E+04  1.952E-05
  2.575000E+04  1.974E-05
  2.585000E+04  1.935E-05
  2.595000E+04  1.934E-05
  2.605000E+04  1.933E-05
  2.615000E+04  1.886E-05
  2.625000E+04  1.868E-05
  2.635000E+04  1.893E-05
  2.645000E+04  1.862E-05
  2.655000E+04  1.855E-05
  2.665000E+04  1.842E-05
  2.675000E+04  1.808E-05
  2.685000E+04  1.783E-05
  2.695000E+04  1.779E-05
  2.705000E+04  1.770E-05
  2.715000E+04  1.747E-05
  2.725000E+04  1.763E-05
  2.735000E+04  1.732E-05
  2.745000E+04  1.739E-05
  2.755000E+04  1.690E-05
  2.765000E+04  1.670E-05
  2.775000E+04  1.666E-05
  2.785000E+04  1.665E-05
  2.795000E+04  1.656E-05
  2.805000E+04  1.625E-05
  2.815000E+04  1.601E-05
  2.825000E+04  1.591E-05
  2.835000E+04  1.554E-05
  2.845000E+04  1.498E-05
  2.855000E+04  1.516E-05
  2.865000E+04  1.507E-05
  2.875000E+04  1.465E-05
  2.885000E+04  1.457E-05
  2.895000E+04  1.427E-05
  2.905000E+04  1.431E-05
  2.915000E+04  1.398E-05
  2.925000E+04  1.362E-05
  2.935000E+04  1.348E-05
  2.945000E+04  1.323E-05
  2.955000E+04  1.301E-05
  2.965000E+04  1.284E-05
  2.975000E+04  1.266E-05
  2.985000E+04  1.247E-05
  2.995000E+04  1.233E-05
  3.005000E+04  1.219E-05
  3.015000E+04  1.204E-05
  3.025000E+04  1.188E-05
  3.035000E+04  1.161E-05
  3.045000E+04  1.157E-05
  3.055000E+04  1.148E-05
  3.065000E+04  1.136E-05
  3.075000E+04  1.126E-05
  3.085000E+04  1.111E-05
  3.095000E+04  1.098E-05
  3.105000E+04  1.088E-05
  3.115000E+04  1.072E-05
  3.125000E+04  1.062E-05
  3.135000E+04  1.049E-05
  3.145000E+04  1.037E-05
  3.155000E+04  1.024E-05
  3.165000E+04  1.013E-05
  3.175000E+04  1.002E-05
  3.185000E+04  9.917E-06
  3.195000E+04  9.819E-06
  3.210000E+04  9.643E-06
  3.230000E+04  9.434E-06
  3.250000E+04  9.249E-06
  3.270000E+04  9.050E-06
  3.290000E+04  8.798E-06
  3.310000E+04  8.657E-06
  3.330000E+04  8.528E-06
  3.350000E+04  8.448E-06
  3.370000E+04  8.221E-06
  3.390000E+04  8.105E-06
  3.410000E+04  8.010E-06
  3.430000E+04  7.947E-06
  3.450000E+04  7.773E-06
  3.470000E+04  7.611E-06
  3.490000E+04  7.381E-06
  3.510000E+04  7.295E-06
  3.530000E+04  7.119E-06
  3.550000E+04  6.886E-06
  3.570000E+04  6.814E-06
  3.590000E+04  6.637E-06
  3.610000E+04  6.532E-06
  3.630000E+04  6.324E-06
  3.650000E+04  6.167E-06
  3.670000E+04  6.044E-06
  3.690000E+04  5.863E-06
  3.710000E+04  5.715E-06
  3.730000E+04  5.578E-06
  3.750000E+04  5.396E-06
  3.770000E+04  5.318E-06
  3.790000E+04  5.212E-06
  3.810000E+04  5.096E-06
  3.830000E+04  4.996E-06
  3.850000E+04  4.911E-06
  3.870000E+04  4.812E-06
  3.890000E+04  4.720E-06
  3.910000E+04  4.620E-06
  3.930000E+04  4.559E-06
  3.950000E+04  4.479E-06
  3.970000E+04  4.407E-06
  3.990000E+04  4.322E-06
  4.010000E+04  4.242E-06
  4.030000E+04  4.175E-06
  4.050000E+04  4.100E-06
  4.070000E+04  4.064E-06
  4.090000E+04  4.015E-06
  4.110000E+04  3.972E-06
  4.130000E+04  3.901E-06
  4.150000E+04  3.804E-06
  4.170000E+04  3.752E-06
  4.190000E+04  3.728E-06
  4.210000E+04  3.650E-06
  4.230000E+04  3.621E-06
  4.250000E+04  3.565E-06
  4.270000E+04  3.518E-06
  4.290000E+04  3.373E-06
  4.310000E+04  3.241E-06
  4.330000E+04  3.225E-06
  4.350000E+04  3.072E-06
  4.370000E+04  2.989E-06
  4.390000E+04  2.939E-06
  4.410000E+04  2.842E-06
  4.430000E+04  2.819E-06
  4.450000E+04  2.756E-06
  4.470000E+04  2.668E-06
  4.490000E+04  2.678E-06
  4.510000E+04  2.616E-06
  4.530000E+04  2.519E-06
  4.550000E+04  2.475E-06
  4.570000E+04  2.425E-06
  4.590000E+04  2.350E-06
  4.610000E+04  2.355E-06
  4.630000E+04  2.311E-06
  4.650000E+04  2.272E-06
  4.670000E+04  2.241E-06
  4.690000E+04  2.201E-06
  4.710000E+04  2.164E-06
  4.730000E+04  2.177E-06
  4.750000E+04  2.132E-06
  4.770000E+04  2.098E-06
  4.790000E+04  2.065E-06
  4.810000E+04  2.021E-06
  4.830000E+04  2.016E-06
  4.850000E+04  1.978E-06
  4.870000E+04  1.943E-06
  4.890000E+04  1.923E-06
  4.910000E+04  1.888E-06
  4.930000E+04  1.864E-06
  4.950000E+04  1.824E-06
  4.970000E+04  1.800E-06
  4.990000E+04  1.779E-06
  5.010000E+04  1.761E-06
  5.030000E+04  1.734E-06
  5.050000E+04  1.694E-06
  5.070000E+04  1.675E-06
  5.090000E+04  1.660E-06
  5.110000E+04  1.634E-06
  5.130000E+04  1.609E-06
  5.150000E+04  1.592E-06
  5.170000E+04  1.585E-06
  5.190000E+04  1.557E-06
  5.210000E+04  1.533E-06
  5.230000E+04  1.510E-06
  5.250000E+04  1.496E-06
  5.270000E+04  1.488E-06
  5.290000E+04  1.457E-06
  5.310000E+04  1.436E-06
  5.330000E+04  1.419E-06
  5.350000E+04  1.399E-06
  5.370000E+04  1.382E-06
  5.390000E+04  1.365E-06
  5.410000E+04  1.349E-06
  5.430000E+04  1.331E-06
  5.450000E+04  1.321E-06
  5.470000E+04  1.301E-06
  5.490000E+04  1.287E-06
  5.510000E+04  1.269E-06
  5.530000E+04  1.267E-06
  5.550000E+04  1.236E-06
  5.570000E+04  1.235E-06
  5.590000E+04  1.211E-06
  5.610000E+04  1.201E-06
  5.630000E+04  1.179E-06
  5.650000E+04  1.172E-06
  5.670000E+04  1.154E-06
  5.690000E+04  1.135E-06
  5.710000E+04  1.125E-06
  5.730000E+04  1.112E-06
  5.750000E+04  1.096E-06
  5.770000E+04  1.080E-06
  5.790000E+04  1.075E-06
  5.810000E+04  1.061E-06
  5.830000E+04  1.051E-06
  5.850000E+04  1.039E-06
  5.870000E+04  1.026E-06
  5.890000E+04  1.012E-06
  5.910000E+04  9.949E-07
  5.930000E+04  9.853E-07
  5.950000E+04  9.727E-07
  5.970000E+04  9.644E-07
  5.990000E+04  9.516E-07
  6.010000E+04  9.388E-07
  6.030000E+04  9.288E-07
  6.050000E+04  9.185E-07
  6.070000E+04  9.100E-07
  6.090000E+04  8.989E-07
  6.110000E+04  8.860E-07
  6.130000E+04  8.758E-07
  6.150000E+04  8.656E-07
  6.170000E+04  8.551E-07
  6.190000E+04  8.425E-07
  6.210000E+04  8.326E-07
  6.230000E+04  8.225E-07
  6.250000E+04  8.132E-07
  6.270000E+04  8.024E-07
  6.290000E+04  7.911E-07
  6.310000E+04  7.811E-07
  6.330000E+04  7.737E-07
  6.350000E+04  7.659E-07
  6.370000E+04  7.597E-07
  6.390000E+04  7.483E-07
  6.420000E+04  7.330E-07
  6.460000E+04  7.148E-07
  6.500000E+04  6.998E-07
  6.540000E+04  6.839E-07
  6.580000E+04  6.662E-07
  6.620000E+04  6.497E-07
  6.660000E+04  6.373E-07
  6.700000E+04  6.243E-07
  6.740000E+04  6.101E-07
  6.780000E+04  5.953E-07
  6.820000E+04  5.834E-07
  6.860000E+04  5.710E-07
  6.900000E+04  5.558E-07
  6.940000E+04  5.434E-07
  6.980000E+04  5.317E-07
  7.020000E+04  5.208E-07
  7.060000E+04  5.094E-07
  7.100000E+04  4.990E-07
  7.140000E+04  4.885E-07
  7.180000E+04  4.791E-07
  7.220000E+04  4.702E-07
  7.260000E+04  4.613E-07
  7.300000E+04  4.516E-07
  7.340000E+04  4.420E-07
  7.380000E+04  4.325E-07
  7.420000E+04  4.237E-07
  7.460000E+04  4.152E-07
  7.500000E+04  4.070E-07
  7.540000E+04  4.004E-07
  7.580000E+04  3.907E-07
  7.620000E+04  3.831E-07
  7.660000E+04  3.743E-07
  7.700000E+04  3.682E-07
  7.740000E+04  3.617E-07
  7.780000E+04  3.550E-07
  7.820000E+04  3.476E-07
  7.860000E+04  3.402E-07
  7.900000E+04  3.340E-07
  7.940000E+04  3.286E-07
  7.980000E+04  3.224E-07
  8.020000E+04  3.167E-07
  8.060000E+04  3.103E-07
  8.100000E+04  3.046E-07
  8.140000E+04  2.987E-07
  8.180000E+04  2.932E-07
  8.220000E+04  2.870E-07
  8.260000E+04  2.818E-07
  8.300000E+04  2.768E-07
  8.340000E+04  2.719E-07
  8.380000E+04  2.676E-07
  8.420000E+04  2.628E-07
  8.460000E+04  2.580E-07
  8.500000E+04  2.534E-07
  8.540000E+04  2.493E-07
  8.580000E+04  2.452E-07
  8.620000E+04  2.410E-07
  8.660000E+04  2.368E-07
  8.700000E+04  2.327E-07
  8.740000E+04  2.291E-07
  8.780000E+04  2.258E-07
  8.820000E+04  2.228E-07
  8.860000E+04  2.192E-07
  8.900000E+04  2.159E-07
  8.940000E+04  2.120E-07
  8.980000E+04  2.083E-07
  9.020000E+04  2.051E-07
  9.060000E+04  2.012E-07
  9.100000E+04  1.976E-07
  9.140000E+04  1.940E-07
  9.180000E+04  1.908E-07
  9.220000E+04  1.882E-07
  9.260000E+04  1.862E-07
  9.300000E+04  1.835E-07
  9.340000E+04  1.800E-07
  9.380000E+04  1.768E-07
  9.420000E+04  1.738E-07
  9.460000E+04  1.711E-07
  9.500000E+04  1.692E-07
  9.540000E+04  1.667E-07
  9.580000E+04  1.640E-07
  9.620000E+04  1.616E-07
  9.660000E+04  1.587E-07
  9.700000E+04  1.559E-07
  9.740000E+04  1.541E-07
  9.780000E+04  1.521E-07
  9.820000E+04  1.498E-07
  9.860000E+04  1.480E-07
  9.900000E+04  1.460E-07
  9.940000E+04  1.434E-07
  9.980000E+04  1.407E-07
  1.002000E+05  1.382E-07
  2.000000E+05  8.124E-09
  4.000000E+05  5.190E-10
  6.000000E+05  1.029E-10
  8.000000E+05  3.252E-11
  1.000000E+06  1.329E-11
  1.200000E+06  6.396E-12
  1.400000E+06  3.444E-12
  1.600000E+06  2.014E-12
