# Output file name = /disk1/raab/ultravista/nebularemission/bc2003_lr_m32_chab_const_10Myr.ascii
# Input file name  = models/constant/bc2003_lr_m32_chab_const.ised
# Column           2
# Record           70
# Age (yr)      1.000E+07
# Lambda(A)       Flux   
  9.100000E+01  1.917E+00
  9.400000E+01  3.368E+00
  9.600000E+01  4.800E+00
  9.800000E+01  6.734E+00
  1.000000E+02  9.307E+00
  1.020000E+02  1.269E+01
  1.040000E+02  1.707E+01
  1.060000E+02  2.269E+01
  1.080000E+02  2.982E+01
  1.100000E+02  3.877E+01
  1.140000E+02  6.360E+01
  1.180000E+02  1.006E+02
  1.210000E+02  1.390E+02
  1.250000E+02  2.083E+02
  1.270000E+02  2.525E+02
  1.280000E+02  2.773E+02
  1.310000E+02  3.640E+02
  1.320000E+02  3.974E+02
  1.340000E+02  4.717E+02
  1.370000E+02  6.040E+02
  1.400000E+02  7.649E+02
  1.430000E+02  9.585E+02
  1.470000E+02  1.276E+03
  1.510000E+02  1.671E+03
  1.550000E+02  2.158E+03
  1.590000E+02  2.748E+03
  1.620000E+02  3.267E+03
  1.660000E+02  4.074E+03
  1.700000E+02  5.024E+03
  1.730000E+02  5.839E+03
  1.770000E+02  7.075E+03
  1.800000E+02  8.122E+03
  1.820000E+02  8.880E+03
  1.860000E+02  1.055E+04
  1.910000E+02  1.294E+04
  1.940000E+02  1.454E+04
  1.980000E+02  1.689E+04
  2.020000E+02  1.949E+04
  2.050000E+02  2.161E+04
  2.100000E+02  2.547E+04
  2.160000E+02  3.067E+04
  2.200000E+02  3.449E+04
  2.230000E+02  3.754E+04
  2.270000E+02  4.185E+04
  2.300000E+02  1.034E+06
  2.340000E+02  1.158E+06
  2.400000E+02  1.491E+06
  2.460000E+02  2.016E+06
  2.520000E+02  2.539E+06
  2.570000E+02  2.018E+06
  2.600000E+02  2.819E+06
  2.640000E+02  3.559E+06
  2.690000E+02  3.670E+06
  2.740000E+02  3.745E+06
  2.790000E+02  3.510E+06
  2.840000E+02  3.858E+06
  2.900000E+02  3.856E+06
  2.960000E+02  3.486E+06
  3.010000E+02  2.277E+06
  3.080000E+02  2.813E+06
  3.180000E+02  3.616E+06
  3.280000E+02  3.627E+06
  3.380000E+02  3.527E+06
  3.480000E+02  3.438E+06
  3.570000E+02  3.547E+06
  3.660000E+02  3.700E+06
  3.750000E+02  3.629E+06
  3.850000E+02  3.361E+06
  3.950000E+02  3.535E+06
  4.050000E+02  3.591E+06
  4.140000E+02  3.548E+06
  4.220000E+02  3.440E+06
  4.300000E+02  3.360E+06
  4.410000E+02  3.418E+06
  4.510000E+02  3.374E+06
  4.600000E+02  3.258E+06
  4.700000E+02  3.202E+06
  4.800000E+02  3.198E+06
  4.900000E+02  3.070E+06
  5.000000E+02  3.102E+06
  5.060000E+02  3.352E+06
  5.120000E+02  4.178E+06
  5.200000E+02  4.067E+06
  5.300000E+02  3.959E+06
  5.400000E+02  3.690E+06
  5.500000E+02  3.632E+06
  5.600000E+02  3.847E+06
  5.700000E+02  3.811E+06
  5.800000E+02  3.679E+06
  5.900000E+02  3.672E+06
  6.000000E+02  3.533E+06
  6.100000E+02  3.429E+06
  6.200000E+02  3.534E+06
  6.300000E+02  3.445E+06
  6.400000E+02  3.429E+06
  6.500000E+02  3.343E+06
  6.580000E+02  3.244E+06
  6.650000E+02  3.274E+06
  6.750000E+02  3.255E+06
  6.850000E+02  3.107E+06
  6.950000E+02  3.141E+06
  7.050000E+02  2.985E+06
  7.160000E+02  3.051E+06
  7.260000E+02  3.011E+06
  7.350000E+02  2.975E+06
  7.450000E+02  2.904E+06
  7.550000E+02  2.849E+06
  7.650000E+02  2.762E+06
  7.750000E+02  2.752E+06
  7.850000E+02  2.702E+06
  7.950000E+02  2.668E+06
  8.050000E+02  2.635E+06
  8.150000E+02  2.603E+06
  8.250000E+02  2.571E+06
  8.350000E+02  2.430E+06
  8.450000E+02  2.485E+06
  8.550000E+02  2.438E+06
  8.650000E+02  2.419E+06
  8.750000E+02  2.384E+06
  8.850000E+02  2.346E+06
  8.950000E+02  2.308E+06
  9.050000E+02  2.255E+06
  9.150000E+02  2.296E+06
  9.250000E+02  3.925E+06
  9.350000E+02  5.205E+06
  9.450000E+02  6.743E+06
  9.550000E+02  7.169E+06
  9.650000E+02  7.983E+06
  9.750000E+02  5.495E+06
  9.850000E+02  7.637E+06
  9.950000E+02  7.123E+06
  1.005000E+03  7.388E+06
  1.015000E+03  7.167E+06
  1.025000E+03  5.241E+06
  1.035000E+03  6.736E+06
  1.045000E+03  7.033E+06
  1.055000E+03  6.868E+06
  1.065000E+03  6.514E+06
  1.075000E+03  6.479E+06
  1.085000E+03  6.033E+06
  1.095000E+03  6.275E+06
  1.105000E+03  6.060E+06
  1.115000E+03  5.933E+06
  1.125000E+03  5.652E+06
  1.135000E+03  5.708E+06
  1.145000E+03  5.532E+06
  1.155000E+03  5.416E+06
  1.165000E+03  5.307E+06
  1.175000E+03  4.735E+06
  1.185000E+03  5.022E+06
  1.195000E+03  4.864E+06
  1.205000E+03  4.616E+06
  1.215000E+03  3.481E+06
  1.225000E+03  4.465E+06
  1.235000E+03  4.514E+06
  1.245000E+03  4.429E+06
  1.255000E+03  4.376E+06
  1.265000E+03  4.290E+06
  1.275000E+03  4.229E+06
  1.285000E+03  4.148E+06
  1.295000E+03  3.991E+06
  1.305000E+03  3.925E+06
  1.315000E+03  3.901E+06
  1.325000E+03  3.795E+06
  1.335000E+03  3.696E+06
  1.345000E+03  3.662E+06
  1.355000E+03  3.587E+06
  1.365000E+03  3.493E+06
  1.375000E+03  3.416E+06
  1.385000E+03  3.361E+06
  1.395000E+03  3.114E+06
  1.405000E+03  2.996E+06
  1.415000E+03  3.168E+06
  1.425000E+03  3.077E+06
  1.435000E+03  3.047E+06
  1.442000E+03  3.006E+06
  1.447000E+03  2.974E+06
  1.455000E+03  2.920E+06
  1.465000E+03  2.864E+06
  1.475000E+03  2.812E+06
  1.485000E+03  2.769E+06
  1.495000E+03  2.709E+06
  1.505000E+03  2.654E+06
  1.512000E+03  2.610E+06
  1.517000E+03  2.588E+06
  1.525000E+03  2.546E+06
  1.535000E+03  2.445E+06
  1.545000E+03  2.325E+06
  1.555000E+03  2.295E+06
  1.565000E+03  2.318E+06
  1.575000E+03  2.303E+06
  1.585000E+03  2.273E+06
  1.595000E+03  2.235E+06
  1.605000E+03  2.159E+06
  1.615000E+03  2.118E+06
  1.625000E+03  2.084E+06
  1.635000E+03  2.043E+06
  1.645000E+03  1.959E+06
  1.655000E+03  2.002E+06
  1.665000E+03  1.973E+06
  1.672000E+03  1.925E+06
  1.677000E+03  1.950E+06
  1.685000E+03  1.919E+06
  1.695000E+03  1.882E+06
  1.705000E+03  1.843E+06
  1.715000E+03  1.792E+06
  1.725000E+03  1.767E+06
  1.735000E+03  1.760E+06
  1.745000E+03  1.725E+06
  1.755000E+03  1.697E+06
  1.765000E+03  1.664E+06
  1.775000E+03  1.642E+06
  1.785000E+03  1.619E+06
  1.795000E+03  1.593E+06
  1.805000E+03  1.571E+06
  1.815000E+03  1.539E+06
  1.825000E+03  1.516E+06
  1.835000E+03  1.493E+06
  1.845000E+03  1.454E+06
  1.855000E+03  1.427E+06
  1.865000E+03  1.410E+06
  1.875000E+03  1.395E+06
  1.885000E+03  1.358E+06
  1.895000E+03  1.329E+06
  1.905000E+03  1.325E+06
  1.915000E+03  1.294E+06
  1.925000E+03  1.266E+06
  1.935000E+03  1.261E+06
  1.945000E+03  1.249E+06
  1.955000E+03  1.213E+06
  1.967000E+03  1.206E+06
  1.976000E+03  1.196E+06
  1.984000E+03  1.173E+06
  1.995000E+03  1.147E+06
  2.005000E+03  1.139E+06
  2.015000E+03  1.125E+06
  2.025000E+03  1.111E+06
  2.035000E+03  1.089E+06
  2.045000E+03  1.072E+06
  2.055000E+03  9.168E+05
  2.065000E+03  9.580E+05
  2.074000E+03  1.036E+06
  2.078000E+03  1.027E+06
  2.085000E+03  1.020E+06
  2.095000E+03  1.003E+06
  2.105000E+03  9.929E+05
  2.115000E+03  9.840E+05
  2.125000E+03  9.714E+05
  2.135000E+03  9.559E+05
  2.145000E+03  9.396E+05
  2.155000E+03  9.341E+05
  2.165000E+03  9.127E+05
  2.175000E+03  9.067E+05
  2.185000E+03  8.876E+05
  2.195000E+03  8.832E+05
  2.205000E+03  8.699E+05
  2.215000E+03  8.500E+05
  2.225000E+03  8.442E+05
  2.235000E+03  8.335E+05
  2.245000E+03  8.221E+05
  2.255000E+03  8.019E+05
  2.265000E+03  7.993E+05
  2.275000E+03  7.887E+05
  2.285000E+03  7.779E+05
  2.295000E+03  7.600E+05
  2.305000E+03  7.482E+05
  2.315000E+03  7.455E+05
  2.325000E+03  7.182E+05
  2.335000E+03  7.245E+05
  2.345000E+03  7.140E+05
  2.355000E+03  7.063E+05
  2.365000E+03  6.955E+05
  2.375000E+03  6.869E+05
  2.385000E+03  6.674E+05
  2.395000E+03  6.680E+05
  2.405000E+03  6.593E+05
  2.415000E+03  6.507E+05
  2.425000E+03  6.436E+05
  2.435000E+03  6.343E+05
  2.445000E+03  6.267E+05
  2.455000E+03  6.187E+05
  2.465000E+03  6.104E+05
  2.475000E+03  6.026E+05
  2.485000E+03  5.952E+05
  2.495000E+03  5.718E+05
  2.505000E+03  5.795E+05
  2.513000E+03  5.537E+05
  2.518000E+03  5.688E+05
  2.525000E+03  5.645E+05
  2.535000E+03  5.573E+05
  2.545000E+03  5.499E+05
  2.555000E+03  5.445E+05
  2.565000E+03  5.375E+05
  2.575000E+03  5.316E+05
  2.585000E+03  5.251E+05
  2.595000E+03  5.183E+05
  2.605000E+03  5.119E+05
  2.615000E+03  5.054E+05
  2.625000E+03  4.998E+05
  2.635000E+03  4.938E+05
  2.645000E+03  4.897E+05
  2.655000E+03  4.838E+05
  2.665000E+03  4.771E+05
  2.675000E+03  4.715E+05
  2.685000E+03  4.672E+05
  2.695000E+03  4.598E+05
  2.705000E+03  4.559E+05
  2.715000E+03  4.501E+05
  2.725000E+03  4.432E+05
  2.735000E+03  4.336E+05
  2.745000E+03  4.331E+05
  2.755000E+03  4.284E+05
  2.765000E+03  4.225E+05
  2.775000E+03  4.199E+05
  2.785000E+03  4.148E+05
  2.795000E+03  4.069E+05
  2.805000E+03  4.038E+05
  2.815000E+03  4.012E+05
  2.825000E+03  3.951E+05
  2.835000E+03  3.907E+05
  2.845000E+03  3.874E+05
  2.855000E+03  3.829E+05
  2.865000E+03  3.790E+05
  2.875000E+03  3.747E+05
  2.885000E+03  3.706E+05
  2.895000E+03  3.664E+05
  2.910000E+03  3.607E+05
  2.930000E+03  3.526E+05
  2.950000E+03  3.437E+05
  2.970000E+03  3.375E+05
  2.990000E+03  3.302E+05
  3.010000E+03  3.220E+05
  3.030000E+03  3.140E+05
  3.050000E+03  3.062E+05
  3.070000E+03  2.988E+05
  3.090000E+03  2.915E+05
  3.110000E+03  2.845E+05
  3.130000E+03  2.775E+05
  3.150000E+03  2.710E+05
  3.170000E+03  2.646E+05
  3.190000E+03  2.571E+05
  3.210000E+03  2.507E+05
  3.230000E+03  2.465E+05
  3.250000E+03  2.410E+05
  3.270000E+03  2.356E+05
  3.290000E+03  2.302E+05
  3.310000E+03  2.253E+05
  3.330000E+03  2.203E+05
  3.350000E+03  2.151E+05
  3.370000E+03  2.106E+05
  3.390000E+03  2.061E+05
  3.410000E+03  2.017E+05
  3.430000E+03  1.963E+05
  3.450000E+03  1.922E+05
  3.470000E+03  1.889E+05
  3.490000E+03  1.850E+05
  3.510000E+03  1.815E+05
  3.530000E+03  1.778E+05
  3.550000E+03  1.743E+05
  3.570000E+03  1.709E+05
  3.590000E+03  1.670E+05
  3.610000E+03  1.638E+05
  3.630000E+03  1.604E+05
  3.640000E+03  1.582E+05
  3.650000E+03  1.580E+05
  3.670000E+03  1.547E+05
  3.690000E+03  1.515E+05
  3.710000E+03  1.534E+05
  3.730000E+03  1.508E+05
  3.750000E+03  1.575E+05
  3.770000E+03  1.557E+05
  3.790000E+03  1.593E+05
  3.810000E+03  1.641E+05
  3.830000E+03  1.484E+05
  3.850000E+03  1.631E+05
  3.870000E+03  1.631E+05
  3.890000E+03  1.386E+05
  3.910000E+03  1.581E+05
  3.930000E+03  1.528E+05
  3.950000E+03  1.522E+05
  3.970000E+03  1.265E+05
  3.990000E+03  1.467E+05
  4.010000E+03  1.455E+05
  4.030000E+03  1.409E+05
  4.050000E+03  1.408E+05
  4.070000E+03  1.376E+05
  4.090000E+03  1.298E+05
  4.110000E+03  1.164E+05
  4.130000E+03  1.295E+05
  4.150000E+03  1.279E+05
  4.170000E+03  1.260E+05
  4.190000E+03  1.239E+05
  4.210000E+03  1.215E+05
  4.230000E+03  1.195E+05
  4.250000E+03  1.175E+05
  4.270000E+03  1.152E+05
  4.290000E+03  1.132E+05
  4.310000E+03  1.105E+05
  4.330000E+03  1.031E+05
  4.350000E+03  9.536E+04
  4.370000E+03  1.053E+05
  4.390000E+03  1.030E+05
  4.410000E+03  1.021E+05
  4.430000E+03  1.005E+05
  4.450000E+03  9.896E+04
  4.470000E+03  9.557E+04
  4.490000E+03  9.570E+04
  4.510000E+03  9.439E+04
  4.530000E+03  9.264E+04
  4.550000E+03  9.076E+04
  4.570000E+03  8.991E+04
  4.590000E+03  8.835E+04
  4.610000E+03  8.719E+04
  4.630000E+03  8.568E+04
  4.650000E+03  8.426E+04
  4.670000E+03  8.314E+04
  4.690000E+03  8.114E+04
  4.710000E+03  7.999E+04
  4.730000E+03  7.945E+04
  4.750000E+03  7.829E+04
  4.770000E+03  7.714E+04
  4.790000E+03  7.596E+04
  4.810000E+03  7.479E+04
  4.830000E+03  7.341E+04
  4.850000E+03  6.908E+04
  4.870000E+03  6.262E+04
  4.890000E+03  7.002E+04
  4.910000E+03  6.947E+04
  4.930000E+03  6.777E+04
  4.950000E+03  6.760E+04
  4.970000E+03  6.676E+04
  4.990000E+03  6.567E+04
  5.010000E+03  6.423E+04
  5.030000E+03  6.396E+04
  5.050000E+03  6.285E+04
  5.070000E+03  6.226E+04
  5.090000E+03  6.138E+04
  5.110000E+03  6.056E+04
  5.130000E+03  5.967E+04
  5.150000E+03  5.884E+04
  5.170000E+03  5.794E+04
  5.190000E+03  5.721E+04
  5.210000E+03  5.650E+04
  5.230000E+03  5.579E+04
  5.250000E+03  5.524E+04
  5.270000E+03  5.430E+04
  5.290000E+03  5.384E+04
  5.310000E+03  5.313E+04
  5.330000E+03  5.238E+04
  5.350000E+03  5.188E+04
  5.370000E+03  5.119E+04
  5.390000E+03  5.057E+04
  5.410000E+03  4.973E+04
  5.430000E+03  4.931E+04
  5.450000E+03  4.878E+04
  5.470000E+03  4.822E+04
  5.490000E+03  4.767E+04
  5.510000E+03  4.709E+04
  5.530000E+03  4.654E+04
  5.550000E+03  4.606E+04
  5.570000E+03  4.548E+04
  5.590000E+03  4.496E+04
  5.610000E+03  4.446E+04
  5.630000E+03  4.399E+04
  5.650000E+03  4.347E+04
  5.670000E+03  4.296E+04
  5.690000E+03  4.242E+04
  5.710000E+03  4.155E+04
  5.730000E+03  4.113E+04
  5.750000E+03  4.068E+04
  5.770000E+03  4.030E+04
  5.790000E+03  3.996E+04
  5.810000E+03  3.973E+04
  5.830000E+03  3.937E+04
  5.850000E+03  3.900E+04
  5.870000E+03  3.809E+04
  5.890000E+03  3.809E+04
  5.910000E+03  3.781E+04
  5.930000E+03  3.741E+04
  5.950000E+03  3.703E+04
  5.970000E+03  3.666E+04
  5.990000E+03  3.628E+04
  6.010000E+03  3.590E+04
  6.030000E+03  3.554E+04
  6.050000E+03  3.521E+04
  6.070000E+03  3.484E+04
  6.090000E+03  3.450E+04
  6.110000E+03  3.415E+04
  6.130000E+03  3.377E+04
  6.150000E+03  3.343E+04
  6.170000E+03  3.312E+04
  6.190000E+03  3.284E+04
  6.210000E+03  3.253E+04
  6.230000E+03  3.218E+04
  6.250000E+03  3.181E+04
  6.270000E+03  3.160E+04
  6.290000E+03  3.130E+04
  6.310000E+03  3.095E+04
  6.330000E+03  3.070E+04
  6.350000E+03  3.040E+04
  6.370000E+03  3.012E+04
  6.390000E+03  2.985E+04
  6.410000E+03  2.951E+04
  6.430000E+03  2.927E+04
  6.450000E+03  2.899E+04
  6.470000E+03  2.875E+04
  6.490000E+03  2.842E+04
  6.510000E+03  2.818E+04
  6.530000E+03  2.783E+04
  6.550000E+03  2.677E+04
  6.570000E+03  2.386E+04
  6.590000E+03  2.693E+04
  6.610000E+03  2.691E+04
  6.630000E+03  2.672E+04
  6.650000E+03  2.649E+04
  6.670000E+03  2.615E+04
  6.690000E+03  2.590E+04
  6.710000E+03  2.579E+04
  6.730000E+03  2.556E+04
  6.750000E+03  2.533E+04
  6.770000E+03  2.511E+04
  6.790000E+03  2.489E+04
  6.810000E+03  2.467E+04
  6.830000E+03  2.445E+04
  6.850000E+03  2.423E+04
  6.870000E+03  2.403E+04
  6.890000E+03  2.379E+04
  6.910000E+03  2.361E+04
  6.930000E+03  2.340E+04
  6.950000E+03  2.320E+04
  6.970000E+03  2.300E+04
  6.990000E+03  2.280E+04
  7.010000E+03  2.259E+04
  7.030000E+03  2.240E+04
  7.050000E+03  2.221E+04
  7.070000E+03  2.188E+04
  7.090000E+03  2.184E+04
  7.110000E+03  2.164E+04
  7.130000E+03  2.146E+04
  7.150000E+03  2.128E+04
  7.170000E+03  2.108E+04
  7.190000E+03  2.090E+04
  7.210000E+03  2.073E+04
  7.230000E+03  2.055E+04
  7.250000E+03  2.040E+04
  7.270000E+03  2.023E+04
  7.290000E+03  1.998E+04
  7.310000E+03  1.988E+04
  7.330000E+03  1.972E+04
  7.350000E+03  1.956E+04
  7.370000E+03  1.940E+04
  7.390000E+03  1.923E+04
  7.410000E+03  1.905E+04
  7.430000E+03  1.891E+04
  7.450000E+03  1.875E+04
  7.470000E+03  1.860E+04
  7.490000E+03  1.845E+04
  7.510000E+03  1.829E+04
  7.530000E+03  1.816E+04
  7.550000E+03  1.801E+04
  7.570000E+03  1.786E+04
  7.590000E+03  1.770E+04
  7.610000E+03  1.757E+04
  7.630000E+03  1.743E+04
  7.650000E+03  1.729E+04
  7.670000E+03  1.714E+04
  7.690000E+03  1.702E+04
  7.710000E+03  1.686E+04
  7.730000E+03  1.674E+04
  7.750000E+03  1.660E+04
  7.770000E+03  1.643E+04
  7.790000E+03  1.635E+04
  7.810000E+03  1.621E+04
  7.830000E+03  1.608E+04
  7.850000E+03  1.596E+04
  7.870000E+03  1.582E+04
  7.890000E+03  1.569E+04
  7.910000E+03  1.558E+04
  7.930000E+03  1.544E+04
  7.950000E+03  1.533E+04
  7.970000E+03  1.522E+04
  7.990000E+03  1.510E+04
  8.010000E+03  1.497E+04
  8.030000E+03  1.486E+04
  8.050000E+03  1.475E+04
  8.070000E+03  1.464E+04
  8.090000E+03  1.451E+04
  8.110000E+03  1.441E+04
  8.130000E+03  1.430E+04
  8.150000E+03  1.418E+04
  8.170000E+03  1.408E+04
  8.190000E+03  1.395E+04
  8.210000E+03  1.378E+04
  8.230000E+03  1.367E+04
  8.250000E+03  1.357E+04
  8.270000E+03  1.342E+04
  8.290000E+03  1.330E+04
  8.310000E+03  1.315E+04
  8.330000E+03  1.302E+04
  8.350000E+03  1.300E+04
  8.370000E+03  1.281E+04
  8.390000E+03  1.281E+04
  8.410000E+03  1.276E+04
  8.430000E+03  1.285E+04
  8.450000E+03  1.274E+04
  8.470000E+03  1.241E+04
  8.490000E+03  1.283E+04
  8.510000E+03  1.216E+04
  8.530000E+03  1.275E+04
  8.550000E+03  1.168E+04
  8.570000E+03  1.271E+04
  8.590000E+03  1.215E+04
  8.610000E+03  1.194E+04
  8.630000E+03  1.251E+04
  8.650000E+03  1.222E+04
  8.670000E+03  1.110E+04
  8.690000E+03  1.217E+04
  8.710000E+03  1.221E+04
  8.730000E+03  1.198E+04
  8.750000E+03  1.093E+04
  8.770000E+03  1.169E+04
  8.790000E+03  1.187E+04
  8.810000E+03  1.178E+04
  8.830000E+03  1.166E+04
  8.850000E+03  1.124E+04
  8.870000E+03  1.046E+04
  8.890000E+03  1.135E+04
  8.910000E+03  1.136E+04
  8.930000E+03  1.129E+04
  8.950000E+03  1.124E+04
  8.970000E+03  1.114E+04
  8.990000E+03  1.094E+04
  9.010000E+03  1.000E+04
  9.030000E+03  1.043E+04
  9.050000E+03  1.077E+04
  9.070000E+03  1.068E+04
  9.090000E+03  1.060E+04
  9.110000E+03  1.059E+04
  9.130000E+03  1.054E+04
  9.150000E+03  1.046E+04
  9.170000E+03  1.037E+04
  9.190000E+03  1.027E+04
  9.210000E+03  9.997E+03
  9.230000E+03  9.059E+03
  9.250000E+03  9.828E+03
  9.270000E+03  9.951E+03
  9.290000E+03  9.939E+03
  9.310000E+03  9.865E+03
  9.330000E+03  9.810E+03
  9.350000E+03  9.720E+03
  9.370000E+03  9.670E+03
  9.390000E+03  9.605E+03
  9.410000E+03  9.497E+03
  9.430000E+03  9.466E+03
  9.450000E+03  9.399E+03
  9.470000E+03  9.316E+03
  9.490000E+03  9.259E+03
  9.510000E+03  9.133E+03
  9.530000E+03  8.889E+03
  9.550000E+03  8.111E+03
  9.570000E+03  8.850E+03
  9.590000E+03  8.915E+03
  9.610000E+03  8.862E+03
  9.630000E+03  8.792E+03
  9.650000E+03  8.764E+03
  9.670000E+03  8.687E+03
  9.690000E+03  8.644E+03
  9.710000E+03  8.580E+03
  9.730000E+03  8.531E+03
  9.750000E+03  8.468E+03
  9.770000E+03  8.410E+03
  9.790000E+03  8.356E+03
  9.810000E+03  8.300E+03
  9.830000E+03  8.243E+03
  9.850000E+03  8.184E+03
  9.870000E+03  8.129E+03
  9.890000E+03  8.068E+03
  9.910000E+03  8.018E+03
  9.930000E+03  7.962E+03
  9.950000E+03  7.911E+03
  9.970000E+03  7.856E+03
  9.990000E+03  7.796E+03
  1.002500E+04  7.523E+03
  1.007500E+04  7.290E+03
  1.012500E+04  7.429E+03
  1.017500E+04  7.336E+03
  1.022500E+04  7.216E+03
  1.027500E+04  7.101E+03
  1.032500E+04  6.969E+03
  1.037500E+04  6.871E+03
  1.042500E+04  6.760E+03
  1.047500E+04  6.644E+03
  1.052500E+04  6.545E+03
  1.057500E+04  6.441E+03
  1.062500E+04  6.334E+03
  1.067500E+04  6.211E+03
  1.072500E+04  6.130E+03
  1.077500E+04  6.038E+03
  1.082500E+04  5.915E+03
  1.087500E+04  5.842E+03
  1.092500E+04  5.457E+03
  1.097500E+04  5.604E+03
  1.102500E+04  5.580E+03
  1.107500E+04  5.507E+03
  1.112500E+04  5.422E+03
  1.117500E+04  5.341E+03
  1.122500E+04  5.261E+03
  1.127500E+04  5.177E+03
  1.132500E+04  5.099E+03
  1.137500E+04  5.028E+03
  1.142500E+04  4.951E+03
  1.147500E+04  4.883E+03
  1.152500E+04  4.812E+03
  1.157500E+04  4.741E+03
  1.162500E+04  4.660E+03
  1.167500E+04  4.594E+03
  1.172500E+04  4.539E+03
  1.177500E+04  4.459E+03
  1.182500E+04  4.401E+03
  1.187500E+04  4.337E+03
  1.192500E+04  4.287E+03
  1.197500E+04  4.207E+03
  1.202500E+04  4.166E+03
  1.207500E+04  4.105E+03
  1.212500E+04  4.052E+03
  1.217500E+04  3.997E+03
  1.222500E+04  3.943E+03
  1.227500E+04  3.888E+03
  1.232500E+04  3.836E+03
  1.237500E+04  3.784E+03
  1.242500E+04  3.734E+03
  1.247500E+04  3.684E+03
  1.252500E+04  3.633E+03
  1.257500E+04  3.585E+03
  1.262500E+04  3.538E+03
  1.267500E+04  3.493E+03
  1.272500E+04  3.446E+03
  1.277500E+04  3.377E+03
  1.282500E+04  3.174E+03
  1.287500E+04  3.304E+03
  1.292500E+04  3.272E+03
  1.297500E+04  3.228E+03
  1.302500E+04  3.191E+03
  1.307500E+04  3.152E+03
  1.312500E+04  3.112E+03
  1.317500E+04  3.072E+03
  1.322500E+04  3.035E+03
  1.327500E+04  2.997E+03
  1.332500E+04  2.961E+03
  1.337500E+04  2.924E+03
  1.342500E+04  2.888E+03
  1.347500E+04  2.854E+03
  1.352500E+04  2.819E+03
  1.357500E+04  2.785E+03
  1.362500E+04  2.752E+03
  1.367500E+04  2.719E+03
  1.372500E+04  2.683E+03
  1.377500E+04  2.654E+03
  1.382500E+04  2.623E+03
  1.387500E+04  2.593E+03
  1.392500E+04  2.563E+03
  1.397500E+04  2.533E+03
  1.402500E+04  2.503E+03
  1.407500E+04  2.475E+03
  1.412500E+04  2.446E+03
  1.417500E+04  2.419E+03
  1.422500E+04  2.390E+03
  1.427500E+04  2.363E+03
  1.432500E+04  2.337E+03
  1.437500E+04  2.311E+03
  1.442500E+04  2.277E+03
  1.447500E+04  2.259E+03
  1.452500E+04  2.229E+03
  1.457000E+04  2.211E+03
  1.462000E+04  2.188E+03
  1.467500E+04  2.162E+03
  1.472500E+04  2.136E+03
  1.477500E+04  2.107E+03
  1.482500E+04  2.081E+03
  1.487500E+04  2.051E+03
  1.492500E+04  2.031E+03
  1.497500E+04  2.015E+03
  1.502500E+04  1.975E+03
  1.507500E+04  1.965E+03
  1.512500E+04  1.948E+03
  1.517500E+04  1.932E+03
  1.522500E+04  1.934E+03
  1.527500E+04  1.882E+03
  1.532500E+04  1.870E+03
  1.537500E+04  1.878E+03
  1.542500E+04  1.822E+03
  1.547500E+04  1.844E+03
  1.552500E+04  1.829E+03
  1.557500E+04  1.758E+03
  1.562500E+04  1.803E+03
  1.567500E+04  1.762E+03
  1.572500E+04  1.708E+03
  1.577500E+04  1.747E+03
  1.582500E+04  1.729E+03
  1.587500E+04  1.637E+03
  1.592500E+04  1.686E+03
  1.597500E+04  1.681E+03
  1.605000E+04  1.647E+03
  1.615000E+04  1.580E+03
  1.625000E+04  1.588E+03
  1.635000E+04  1.544E+03
  1.645000E+04  1.482E+03
  1.655000E+04  1.489E+03
  1.665000E+04  1.457E+03
  1.675000E+04  1.416E+03
  1.685000E+04  1.358E+03
  1.695000E+04  1.367E+03
  1.705000E+04  1.337E+03
  1.715000E+04  1.311E+03
  1.725000E+04  1.282E+03
  1.735000E+04  1.216E+03
  1.745000E+04  1.227E+03
  1.755000E+04  1.206E+03
  1.765000E+04  1.181E+03
  1.775000E+04  1.158E+03
  1.785000E+04  1.134E+03
  1.795000E+04  1.112E+03
  1.805000E+04  1.089E+03
  1.815000E+04  1.036E+03
  1.825000E+04  1.042E+03
  1.835000E+04  1.027E+03
  1.845000E+04  1.007E+03
  1.855000E+04  9.870E+02
  1.865000E+04  9.651E+02
  1.875000E+04  9.146E+02
  1.885000E+04  9.298E+02
  1.895000E+04  9.125E+02
  1.905000E+04  8.959E+02
  1.915000E+04  8.796E+02
  1.925000E+04  8.630E+02
  1.935000E+04  8.456E+02
  1.945000E+04  8.038E+02
  1.955000E+04  8.143E+02
  1.965000E+04  8.007E+02
  1.975000E+04  7.857E+02
  1.985000E+04  7.717E+02
  1.995000E+04  7.577E+02
  2.005000E+04  7.441E+02
  2.015000E+04  7.308E+02
  2.025000E+04  7.176E+02
  2.035000E+04  7.046E+02
  2.045000E+04  6.923E+02
  2.055000E+04  6.797E+02
  2.065000E+04  6.679E+02
  2.075000E+04  6.563E+02
  2.085000E+04  6.449E+02
  2.095000E+04  6.335E+02
  2.105000E+04  6.226E+02
  2.115000E+04  6.112E+02
  2.125000E+04  6.012E+02
  2.135000E+04  5.910E+02
  2.145000E+04  5.810E+02
  2.155000E+04  5.705E+02
  2.165000E+04  5.437E+02
  2.175000E+04  5.508E+02
  2.185000E+04  5.426E+02
  2.195000E+04  5.338E+02
  2.205000E+04  5.248E+02
  2.215000E+04  5.160E+02
  2.225000E+04  5.077E+02
  2.235000E+04  4.994E+02
  2.245000E+04  4.913E+02
  2.255000E+04  4.831E+02
  2.265000E+04  4.754E+02
  2.275000E+04  4.677E+02
  2.285000E+04  4.604E+02
  2.295000E+04  4.529E+02
  2.305000E+04  4.457E+02
  2.315000E+04  4.384E+02
  2.325000E+04  4.310E+02
  2.335000E+04  4.240E+02
  2.345000E+04  4.169E+02
  2.355000E+04  4.106E+02
  2.365000E+04  4.037E+02
  2.375000E+04  3.982E+02
  2.385000E+04  3.918E+02
  2.395000E+04  3.857E+02
  2.405000E+04  3.794E+02
  2.415000E+04  3.732E+02
  2.425000E+04  3.707E+02
  2.435000E+04  3.622E+02
  2.445000E+04  3.566E+02
  2.455000E+04  3.540E+02
  2.465000E+04  3.471E+02
  2.475000E+04  3.419E+02
  2.485000E+04  3.394E+02
  2.495000E+04  3.289E+02
  2.505000E+04  3.301E+02
  2.515000E+04  3.249E+02
  2.525000E+04  3.142E+02
  2.535000E+04  3.151E+02
  2.545000E+04  3.110E+02
  2.555000E+04  3.059E+02
  2.565000E+04  2.958E+02
  2.575000E+04  2.974E+02
  2.585000E+04  2.933E+02
  2.595000E+04  2.892E+02
  2.605000E+04  2.841E+02
  2.615000E+04  2.747E+02
  2.625000E+04  2.677E+02
  2.635000E+04  2.724E+02
  2.645000E+04  2.692E+02
  2.655000E+04  2.653E+02
  2.665000E+04  2.611E+02
  2.675000E+04  2.521E+02
  2.685000E+04  2.541E+02
  2.695000E+04  2.510E+02
  2.705000E+04  2.476E+02
  2.715000E+04  2.442E+02
  2.725000E+04  2.408E+02
  2.735000E+04  2.375E+02
  2.745000E+04  2.341E+02
  2.755000E+04  2.260E+02
  2.765000E+04  2.267E+02
  2.775000E+04  2.249E+02
  2.785000E+04  2.219E+02
  2.795000E+04  2.189E+02
  2.805000E+04  2.160E+02
  2.815000E+04  2.131E+02
  2.825000E+04  2.103E+02
  2.835000E+04  2.075E+02
  2.845000E+04  2.048E+02
  2.855000E+04  2.020E+02
  2.865000E+04  1.987E+02
  2.875000E+04  1.920E+02
  2.885000E+04  1.940E+02
  2.895000E+04  1.917E+02
  2.905000E+04  1.893E+02
  2.915000E+04  1.868E+02
  2.925000E+04  1.844E+02
